1305650000000 -0.19942218272413662 -2.3991674057303665 0.04500686407918136 -0.0001594950857942332 0.00011914975221167737 0.8080846117278354 0.5890663974912571
1305930000000 -0.19940464080410616 -2.3991461134521295 0.044099979951952806 -0.00022482501010979343 7.542926364810057e-05 0.8079111529463368 0.5893042615738171
1306220000000 -0.1993926889162595 -2.3991080028212886 0.044955632810145724 -4.065266072536517e-05 0.000427063006133881 0.8076423513847891 0.5896724923329891
1306500000000 -0.1993695013322164 -2.3990585006262224 0.04506978361398625 0.00010632411960360035 0.0003309854854291893 0.8073980535698244 0.5900070018529008
1306790000000 -0.1993234557560525 -2.3990242126490773 0.04500686762081718 -0.00015930859184312845 0.000119348070712144 0.8071505979641117 0.5903455535387622
1307070000000 -0.1992982417756069 -2.3989898143197808 0.04504374805171055 -0.00019227349900213697 9.766552288878185e-05 0.8069075501113728 0.5906777116716101
1307350000000 -0.19927297306630068 -2.398955424427108 0.04409995635099814 -0.00022459771438010115 7.600273372228418e-05 0.8066645185999338 0.5910095584771774
1307620000000 -0.19925009764397983 -2.3989163836772662 0.04502793400645125 -9.062561500700757e-05 0.00016211494761116118 0.8064263606007649 0.591334499614175
1307860000000 -0.19922460380928644 -2.3988815051569587 0.045006870633499674 -0.0001591246277374542 0.00011954152250852244 0.8062138558256885 0.5916241873553287
1308090000000 -0.19920705542712372 -2.398860404148118 0.04409994473981707 -0.0002244796941362255 7.629650608967749e-05 0.8060393768340405 0.5918618646109087
1308330000000 -0.19920467365772673 -2.3988205098860482 0.04506976092723938 0.00010714184012700769 0.00033061947042923575 0.8058365142922068 0.5921379834504604
1308550000000 -0.1991553496561024 -2.39879864695271 0.045064810188224114 -0.00038884395066039783 6.466353378692921e-05 0.8056257611498545 0.5924246598435341
1308780000000 -0.19914108069158298 -2.398765600794352 0.044099933255794005 -0.00022435869519226272 7.659504227703027e-05 0.8054130076561076 0.5927139536865301
1309010000000 -0.19910721516793328 -2.3987436272277245 0.04494299658118728 -0.00044930643381344617 -4.8485904620296385e-06 0.805242619439525 0.5929452942206322
1309240000000 -0.19910036325714603 -2.3987051452921166 0.04504373278603599 -0.0001919117637956847 9.830051037478974e-05 0.8050298730435402 0.5932342345266209
1309450000000 -0.1990851201891142 -2.3986794119770978 0.04502792837235786 -9.020709436499111e-05 0.00016236392330301613 0.8048600379423653 0.59346464496552
1309680000000 -0.19905956415590004 -2.398644743660639 0.045006874455525175 -0.00015882384520990125 0.00011985290261659491 0.804646479820375 0.5937541603415903
1309900000000 -0.1990282823822238 -2.398619422391728 0.04507269069518857 -0.00044734579216220105 7.649308390628347e-05 0.8044451452681399 0.5940267689970476
1310120000000 -0.19903948702929627 -2.3985838751890136 0.0450697363823622 0.00010795216079102534 0.0003302443102401017 0.8042672871415687 0.5942676249964894
1310350000000 -0.19899024039579444 -2.398562485885441 0.04506480837433466 -0.00038870278717670863 6.569792421838235e-05 0.8040554841278149 0.5945541380210143
1310580000000 -0.1989758878779895 -2.3985295452305824 0.04409990510966161 -0.0002240428771074272 7.736250732399778e-05 0.8038416603640175 0.5948432809430154
1310820000000 -0.19897330856515735 -2.3984896030115026 0.0450697260340889 0.00010827417560985977 0.000330091653892349 0.8036374146000707 0.5951191352755489
1311060000000 -0.19892409219325816 -2.398468403699416 0.04506480756495804 -0.000388646580779711 6.611253308073601e-05 0.8034251866431534 0.5954055878561959
1311290000000 -0.19893054561997803 -2.398444505223427 0.044955722916477064 -3.7782005239822626e-05 0.0004270688940226885 0.8032539504016811 0.5956365564241113
1311510000000 -0.19887585317533166 -2.3984139524006967 0.0449429882385404 -0.0004493272044185408 -3.081125286586515e-06 0.8030393661942873 0.5959258128641913
1311750000000 -0.19886883581278575 -2.3983755101104838 0.04504371433743995 -0.00019147928445275303 9.905603612818745e-05 0.8028251201873713 0.5962145418552943
1311980000000 -0.19886428754401525 -2.3983505921807415 0.044955736771550375 -3.7375644563920766e-05 0.00042706630670264666 0.8026220452677741 0.596487777467071
1312210000000 -0.19882788232722307 -2.3983155696640392 0.04500687722655344 -0.00015841544476485236 0.00012026522404525652 0.8024390428879399 0.5967340637921635
1312440000000 -0.19879662789007144 -2.3982906452165396 0.04507269000146963 -0.0004471312887985419 7.816255960158893e-05 0.8022363171951067 0.5970064365963379
1312680000000 -0.1987872222895597 -2.398256301459431 0.04502791621423555 -8.945592916548211e-05 0.0001628193716502181 0.802020990624837 0.5972958195774052
1312910000000 -0.198761548252636 -2.398222014055818 0.0450068774526336 -0.0001583015753407339 0.00012037788097467807 0.801805493018767 0.59758506659279
1313140000000 -0.19873030096036418 -2.398197203600733 0.045072689737536614 -0.0004470705468164747 7.864049200425257e-05 0.8016023635833244 0.5978573781774605
1313360000000 -0.1987411990959372 -2.398161378351833 0.04506968737337491 0.00010939148845703957 0.00032954551804027587 0.8014228884366189 0.5980980131409569
1313580000000 -0.1986920854945602 -2.3981408463960565 0.045064804346938464 -0.00038845106476062 6.75676949775353e-05 0.8012091503976486 0.5983842760797237
1313820000000 -0.19867757904662053 -2.3981080989862265 0.04409985652184889 -0.00022342450635697573 7.882189425796837e-05 0.8009933548718876 0.5986731907474039
1314060000000 -0.19867473933875823 -2.3980680957674814 0.04506967557687705 0.00010970767072420029 0.00032938593421660015 0.8007872824021813 0.5989487522418445
1314280000000 -0.19863654808694617 -2.3980485669832405 0.04504369518259335 -0.0001910349484565861 9.982833439161271e-05 0.8006048074187739 0.5991927034584951
1314540000000 -0.19861111234324394 -2.3980150508752054 0.04409984619545518 -0.00022327723921651245 7.916180732807781e-05 0.800356865105649 0.5995238380239278
1314770000000 -0.19857726878836812 -2.3979940404485225 0.044942974851569006 -0.0004493501357271838 -7.885907880232988e-07 0.8001837488204387 0.599754755052015
1315000000000 -0.19857003328037348 -2.397955651425827 0.04504368958734553 -0.00019090566541230566 0.00010005269702206426 0.7999675242931374 0.600043259791153
1315230000000 -0.19856533892089065 -2.397930709336216 0.044955802328111916 -3.5559083782779816e-05 0.0004270442698476853 0.7997625983093549 0.6003162522489397
1315500000000 -0.19854161986248947 -2.397882193000682 0.04506965081428216 0.00011033510665599367 0.0003290616634044363 0.7995121718112405 0.6006497870392191
1315760000000 -0.19849259009364417 -2.39786223565175 0.045064801056908105 -0.00038828506114827567 6.88210977645629e-05 0.7992971119419269 0.600935912839017
1315980000000 -0.1984779771144984 -2.397829618619974 0.04409982594114259 -0.00022297182051287978 7.985809015925504e-05 0.7990799705977678 0.6012247038302097
1316210000000 -0.1984441346641896 -2.397808850184034 0.044942967887785845 -0.00044935878753014593 2.3860509221558945e-07 0.7989061497072728 0.6014555362090562
1316460000000 -0.1984259555634436 -2.3977698090668156 0.04506479985245529 -0.0003882300373121781 6.924011379165756e-05 0.7986571450615109 0.6017861822320629
1316700000000 -0.19841130661601553 -2.3977372359643194 0.04409981600972829 -0.0002228137203750271 8.02143076563997e-05 0.7984395494451063 0.6020749370316013
1316930000000 -0.19837746410558263 -2.3977165887122256 0.04494296417006563 -0.000449362758938142 7.540100383487724e-07 0.7982653727595334 0.6023057302779258
1317160000000 -0.19837007931326564 -2.397678236556803 0.04504367237838097 -0.00019051109819947118 0.0001007344911278184 0.7980477986323404 0.6025941126962321
1317400000000 -0.19836528424614713 -2.3976532780499156 0.04495584909353678 -3.4359410232380944e-05 0.00042702012145028376 0.7978416086838963 0.602866970339178
1317620000000 -0.19831072314262838 -2.39762455064061 0.044942960298214346 -0.0004493665095942471 1.2705717130866277e-06 0.7976232661223844 0.6031558035933879
1317850000000 -0.19829755360806908 -2.397595231042897 0.0450726872088944 -0.00044668206876863906 8.175964703085697e-05 0.7974499411837185 0.6033849394015178
1318080000000 -0.19828781128497427 -2.3975610513205825 0.04502788976586755 -8.820982103417921e-05 0.00016360432690257554 0.7972312356431738 0.6036740199540727
1318300000000 -0.19826191962797046 -2.3975274059247242 0.04500687029570147 -0.00015749454458089537 0.00012114392196671268 0.7970123824521934 0.6039629315922436
1318530000000 -0.19824432149282106 -2.3975072607052805 0.04409979177037124 -0.00022240302747574174 8.112772904724836e-05 0.7968326706985049 0.6041999990588157
1318750000000 -0.19824108900386925 -2.397467171423654 0.0450695902763191 0.00011172730923637537 0.0003283093324206284 0.7966238656082932 0.6044752240359323
1318990000000 -0.19819217779633402 -2.3974480826974793 0.04506479522516882 -0.00038803876374900973 7.071124113088621e-05 0.7964067747297264 0.6047611872387586
1319210000000 -0.19819808428066085 -2.397423630660912 0.04495588992287375 -3.336659242163247e-05 0.000426994022533235 0.7962316132493822 0.6049917640968855
1319430000000 -0.19814355441375456 -2.3973954484614626 0.04494294992885253 -0.00044937487744079304 2.5672105075658653e-06 0.796012125416168 0.605280508728031
1319650000000 -0.19813031945415444 -2.3973662286292896 0.04507268587660773 -0.00044653567476938226 8.296487160278444e-05 0.795837900945113 0.6055095615611678
1319880000000 -0.19812046049498463 -2.397332107713283 0.045027879175671054 -8.77958549958808e-05 0.00016387323753872478 0.7956180325580002 0.6057985735423835
1320100000000 -0.19809449067554477 -2.3972986808595196 0.04500686449977542 -0.00015724347032910877 0.00012136862740301403 0.7953980254523154 0.6060874042996645
1320330000000 -0.19807688044478713 -2.397278707001022 0.044099768392481586 -0.00022196910773080247 8.207523920282861e-05 0.7952173598608274 0.6063244136346037
1320550000000 -0.19807349235608535 -2.3972385875362523 0.045069553695382986 0.00011248876529898788 0.0003278775626584908 0.7950074723036881 0.6065995374412037
1320780000000 -0.2020529109588447 -2.3825041647020124 0.04505646843452232 -0.00023156968158755706 0.0002701374118598442 0.7950007060122942 0.6066083999098719
1321000000000 -0.21633857873343762 -2.3302900244814224 0.04506027316211744 -0.0004922724226500094 -1.1547781558766293e-05 0.7951453812546643 0.6064186509366982
1321230000000 -0.23722993319972638 -2.2543683501298553 0.04494323230607136 -0.00010773598719342313 0.0003691096488269537 0.7952529247137049 0.6062776904070631
1321460000000 -0.25804378275502465 -2.178344192038074 0.04505295871743881 0.0001668114944423348 -4.412316112481429e-05 0.7953568917813816 0.6061413902077069
1321690000000 -0.2753858780762567 -2.1150602798053186 0.04504195271513334 -0.00017604098777427316 0.0001223511458593076 0.7951276131535369 0.6064421100488712
1321920000000 -0.29618302643155 -2.0390892534102134 0.04501384721414187 0.0003076745965009093 8.887685088522399e-06 0.7949606782496854 0.6066608816251067
1322140000000 -0.31697801024532957 -1.963115935498242 0.04418095073780723 -6.852012483316831e-05 -0.00044988292183748387 0.7951330926626865 0.6064347927543576
1322380000000 -0.3363295377885473 -1.8924012188899686 0.044155804353736616 0.00015434151308747247 0.00019604892359809947 0.7949188525155872 0.6067157123882809
1322610000000 -0.3495661616666816 -1.8437180030806073 0.04417022317296915 0.0002499968874508711 -8.989177123719077e-05 0.7948150964590155 0.6068516226079251
1322850000000 -0.36466594139806713 -1.788308910083626 0.04505387064587285 -0.00043070868445267403 2.8408738960045904e-05 0.7946682116092915 0.6070438593220946
1323080000000 -0.3798174840657445 -1.732907334515991 0.04503433218167488 -0.00012840254711995983 8.10516533368469e-05 0.7947168098326195 0.6069803696272883
1323310000000 -0.3949625287475316 -1.6775103575498158 0.04413601104359888 -0.00014245314718820603 -3.919188079243651e-05 0.7949080522875711 0.6067298959005378
1323520000000 -0.4075689241558047 -1.6313478017656082 0.045070086801297066 -0.0005202323597396094 4.2393217879563375e-05 0.7949291813950466 0.6067020060356716
1323750000000 -0.4226502363403692 -1.5759227881552602 0.04410053829524138 -0.0001892619262417154 0.00013484955917506604 0.7946723606230783 0.6070385368798786
1323970000000 -0.4352028400932326 -1.5297396179826617 0.04492501032285848 -0.0004108252142621047 -7.009053685443374e-05 0.7945089853542389 0.6072522527758443
1324200000000 -0.45030217679847717 -1.4743014404802937 0.04501863654613342 -0.00013068266023083243 -5.491716832157154e-05 0.7945419097191416 0.6072092996702261
1324420000000 -0.4653888072640112 -1.4188814886827947 0.04507941870560078 2.3965790898431136e-05 0.00015062741380296042 0.7945968896036091 0.6071373483564432
1324660000000 -0.480460956172006 -1.3634815287995514 0.045057314396064 -0.0004209236002557898 3.1534745294530945e-05 0.7947229348431681 0.6069722223159346
1324890000000 -0.4930749727314997 -1.3172889864557369 0.044952382658328655 1.6440529575206568e-05 0.0004167331577358687 0.7945819844784717 0.6071567310056257
1325110000000 -0.5080991372519069 -1.2618593249872987 0.04492647204544542 -0.0004052196738180722 -5.705320244378103e-05 0.7943760597189625 0.6074261340173991
1325330000000 -0.5206480888563324 -1.2156521724985758 0.04501511931998531 -7.938176592410215e-05 -2.5811029398810217e-05 0.7943775097799499 0.6074243697680656
1325560000000 -0.5357226549183719 -1.1602339318704986 0.04505731797013268 -0.00016442448856847776 0.0002965034216558162 0.7944500817465711 0.6073293609427879
1325780000000 -0.5507676381157084 -1.1047717175590601 0.04499322771580308 -0.0004739807314308748 -0.00022362794012844287 0.7944300080249859 0.6073554870767462
1326010000000 -0.5632798557010483 -1.0585834471876845 0.045062257293235874 -0.0003530145480780893 6.179209300907238e-05 0.7944842621291941 0.60728463572817
1326240000000 -0.5783555472193901 -1.003133966186705 0.04505897144853108 6.997816230172096e-05 0.0002944897557196334 0.7942927679064465 0.6075351078171173
1326460000000 -0.5933716755546221 -0.9477228658256589 0.0450440587970965 -0.00018589161088167154 0.00031875194802746186 0.7941678713583767 0.6076983264281789
1326690000000 -0.6059401274247012 -0.9015243601647671 0.04507612181151521 -0.0004491369229180773 4.192389910199769e-05 0.7942580726591457 0.6075803737236668
1326910000000 -0.620981591108123 -0.84607614609293 0.04413166844387445 -7.43053215253554e-05 -3.643362956987562e-05 0.7943662338577663 0.6074391160091179
1327140000000 -0.6360156232340272 -0.7906478049334676 0.04506307833971673 -0.00037162596880589927 6.105943858212059e-05 0.794347388001245 0.6074636493992736
1327360000000 -0.6485260580676067 -0.7444483360284799 0.04493937660511971 -0.00043788981088996575 1.767789704898793e-05 0.7941916751031337 0.6076671713503076
1327590000000 -0.6635547893219932 -0.6889872994357638 0.04492282043009063 0.00035718173233146986 0.00022223849204443832 0.7940031081998453 0.6079135524071229
1327820000000 -0.6785193724228902 -0.6335647965122293 0.04489589471790262 -0.0002563566379140112 -0.0005166284501226841 0.7941914101729124 0.6076674019427729
1328060000000 -0.6935206166583426 -0.5781603989242624 0.04504648818801457 -0.00012320923486053488 0.00026911551406209937 0.7943380559733256 0.6074758968295306
1328310000000 -0.708540656427656 -0.522680289179398 0.04502947163263049 7.55914494760795e-05 -0.00021317827189001428 0.7943602219213896 0.6074469414442369
1328550000000 -0.7235639793515612 -0.4672290207774426 0.045062609434043444 8.884604325581447e-05 0.00031428572280164815 0.7942709231317213 0.6075636542769393
1328790000000 -0.738571262202054 -0.4117923918055252 0.04504441921547184 -0.00020925132014465512 0.00010571420578004621 0.7941039115898897 0.6077819696536155
1329030000000 -0.7536249867211938 -0.35635972523412146 0.04508491024873823 -0.00047151592538686527 6.258431084804934e-05 0.7942034646619796 0.6076517345279647
1329280000000 -0.7686325746984791 -0.30090811387402444 0.04413215560219405 -7.608325131400965e-05 -3.7675265279451564e-05 0.7942492073739582 0.6075921241900298
1329520000000 -0.7836568407252259 -0.24547966455098075 0.04492970489245801 -0.0003303326482395306 -5.215694718367232e-05 0.7944227840255801 0.6073650701028509
1329770000000 -0.7987359892772704 -0.19004805230710203 0.04496725467949084 -1.0291211717786102e-05 0.0003629741130775118 0.7942509718397422 0.6075897150837145
1330010000000 -0.8137294575296867 -0.13458973089117265 0.04501877025795947 0.00022258166095547122 -9.510072778395805e-06 0.7940767464344436 0.6078174653126143
1330250000000 -0.8287381362462587 -0.07916088440202494 0.045033510131580884 0.00020198944453268548 -3.379493960712328e-05 0.7941464110916483 0.6077264481725485
1330480000000 -0.8437410489042195 -0.02371237106882764 0.04505300860851885 -0.000154695093731255 -0.00017410209142303728 0.7941849543973648 0.6076760682853533
1330710000000 -0.8587213270919482 0.031761878166967024 0.04494352781255628 -2.6803092955357517e-05 -0.0003283811798545934 0.7941878548624498 0.6076722328989331
1330940000000 -0.8737077840907586 0.08719811034157365 0.0450220085186504 -9.832969717681769e-05 0.00017174737106255653 0.7940475788926269 0.6078555776571182
1331160000000 -0.8861948250839364 0.13342494240712 0.04404644421661627 7.48394838091818e-05 -0.00015237736896176366 0.7939361263718153 0.6080011500169272
1331400000000 -0.9011944747249406 0.18884371500274383 0.044957822985362855 0.00027836038329741715 0.0004742202980539929 0.7940532597238642 0.6078479401565096
1331620000000 -0.9162235756400418 0.24426615391777656 0.045037030173132014 -0.00014724143686593128 0.0001848681738173666 0.7940546901957585 0.607846274251834
1331850000000 -0.9287210448732071 0.2904776949300076 0.04503409440212047 -6.720011084442273e-05 8.49157861497306e-06 0.7942062040111686 0.6076483365584147
1332080000000 -0.9437278194828715 0.34591650784643907 0.04504071001947138 -0.00014442111448152004 0.00012818916807164443 0.7940880359979084 0.6078027260510299
1332310000000 -0.9586956128282473 0.4013580450477661 0.044090391062142964 -0.00018007569647281012 0.0001406967492904544 0.793910359680717 0.6080347757890193
1332530000000 -0.9711745667573101 0.4475461610370945 0.04505614758766441 -0.00018260561808152524 0.00029185527871768407 0.7939683239334396 0.6079590299238998
1332770000000 -0.9861972821205027 0.5030075533943429 0.045013540654950696 -5.3724032181269845e-05 -7.733681867060733e-05 0.7939067206256133 0.6080395629218786
1332990000000 -1.001192846218457 0.5584534338581855 0.04414223235694226 0.00010463628993268739 0.00015050019827933476 0.7939372891575998 0.6079996277022044
1333220000000 -1.016155507859879 0.6138932576159905 0.045010789624514075 0.00011056484727775962 0.00010001347696036776 0.7937531771822773 0.6082399785329466
1333440000000 -1.028556296722117 0.6601203199090718 0.045004557171570536 -1.6263843428090018e-07 5.990074601810614e-05 0.7935874045550648 0.6084562660893796
1333670000000 -1.0434695223608166 0.7155687205411504 0.04504815242278565 -0.0001743392748241297 0.0002521138601170993 0.7936598252781569 0.6083617244566462
1333900000000 -1.0584548003615593 0.7710567771076022 0.04414027243999949 -0.0001556863140659463 -2.7227854087818216e-05 0.7937253433389714 0.6082762977149839
1334140000000 -1.0734134875296608 0.8265076259489246 0.04501098207309279 -6.022008469620445e-05 7.617692119781625e-05 0.7939081918865974 0.6080376414548458
1334370000000 -1.0858887984279735 0.8727368612269952 0.044876506405510636 0.0005355448907603803 0.00038014537657389004 0.793877417292766 0.6080774744995331
1334600000000 -1.1008244245502052 0.9282062498506264 0.044121896996120014 0.00010609493554230858 0.00011951982472355647 0.7936845475974551 0.6083295269538537
1334840000000 -1.115759025188908 0.9836653130935802 0.04492811106111749 0.00024259028297495217 -5.4940760702871715e-06 0.7936650679566771 0.6083549137017739
1335060000000 -1.1306916468093329 1.0390852289344341 0.04493147164648492 -0.00010194938682718118 0.0003331045267000954 0.7936515272900992 0.6083725272214301
1335280000000 -1.1431207238393744 1.0853283712259665 0.04413143222140739 -0.00012174399048417213 4.366587822655525e-05 0.7937756556090831 0.6082106475836
1335510000000 -1.1580614679372536 1.1408130775974594 0.04506592516158117 0.0001448470079096501 0.00031553359654906 0.7936147787864127 0.6084204650976879
1335730000000 -1.1704323584690777 1.187032590182156 0.0450383767480354 -0.0001945061361441865 0.00011989956187105582 0.7934269015358575 0.6086655072457013
1335960000000 -1.1852979691046013 1.2425159868078062 0.044939601438220955 -0.00037422089807767785 -0.00013898489967139287 0.7933445919789638 0.608772698976924
1336180000000 -1.200242365021646 1.297994153720169 0.04505659994939243 -0.00045861127546799557 -6.310369384624841e-05 0.7934438777010447 0.6086432441359647
1336410000000 -1.2126693719471242 1.3441949078167525 0.04492492232789841 -5.309591091679845e-05 0.0003703539095029783 0.7935343814758818 0.6085253038571984
1336630000000 -1.227563909580997 1.3996848340985069 0.04501896161832794 4.24650101954883e-06 0.0001306966579912486 0.7934352037518754 0.6086547135672007
1336850000000 -1.2399290261278257 1.4459178697639974 0.045025088040958255 -9.89306309367377e-05 0.00016624276607000055 0.7932706253185915 0.6088691793667369
1337080000000 -1.2547528834183566 1.5013932968066226 0.044965601346166145 -0.00031097072372877584 0.00016197941583476333 0.7931097285995008 0.609078677562024
1337310000000 -1.269579006536047 1.556864280821327 0.04491457505827706 -0.00046648143206480877 4.4856975794289506e-05 0.7932091924987361 0.6089490597073193
1337530000000 -1.28200826463194 1.6031057850587787 0.04505025796153456 -0.0001798767363626416 0.0003175958104490263 0.7932159343620165 0.608940348680767
1337760000000 -1.2968385770117719 1.6585880468931504 0.04505431123700107 -0.0003253429460235134 2.8887039351792468e-05 0.7932122808741476 0.6089451295379074
1337980000000 -1.3116534288460118 1.7140906650439274 0.04410250940086377 -0.00020833398072712982 0.00011921358813414447 0.7930082410437331 0.6092108600655419
1338190000000 -1.3239448319784308 1.7603226126155584 0.04500821952586348 -0.0001204500812169686 -2.6614165706034113e-05 0.7928759771534345 0.609383023751442
1338420000000 -1.3387243014763037 1.81584358321337 0.044931766626230496 -0.0003881465596745474 -0.00020801262953895676 0.792922729901894 0.609322041680688
1338640000000 -1.3511066062151664 1.8620848515008432 0.04502016775633533 0.00014404157326667068 -5.8449859770596584e-05 0.792867906739265 0.6093935167841344
1338860000000 -1.3658693183599544 1.9175792614656901 0.04506986272563934 -0.0005224554697684753 3.989910846506362e-05 0.7928406458954093 0.6094287781722271
1339090000000 -1.3781325540860672 1.9638528237172332 0.044956444906799536 -2.7992877568287386e-05 0.00043551019087656825 0.7926514549255662 0.6096748974262066
1339320000000 -1.3928054252228053 2.019376713067767 0.04492569727422033 -0.00040839812002122785 -6.196583168031176e-05 0.7924450143655943 0.6099432175033378
1339550000000 -1.4075539355602256 2.074883153239686 0.04499263231353276 9.1122314013283e-05 9.811244310473763e-05 0.7925710526763283 0.6097795573239639
1339770000000 -1.4198058959267617 2.1211322258405656 0.04418223587904874 -4.340095036253955e-05 -0.000512053664606682 0.7926957636053645 0.6096172260357395
1339990000000 -1.4345430718220022 2.1766532260670575 0.04500099241843858 5.259671918403526e-05 -3.950447931790775e-05 0.7927799462392862 0.6095079593523087
1340210000000 -1.4468341969430363 2.2229268196316925 0.04501684773897238 1.1447902045211693e-06 0.00014466859678412036 0.7926482117826406 0.60967925290883
1340440000000 -1.4615191514310983 2.2784502381507923 0.04499442287963129 -0.00019581702350827347 8.636942369607956e-05 0.7924319887754565 0.6099602424432193
1340660000000 -1.4762219091851008 2.3339614260576194 0.045038180113956494 0.0001170531498433616 -2.498765914680062e-06 0.7923193452548872 0.6101065820225045
1340890000000 -1.4884162786746584 2.380217499997207 0.045067273412787795 -9.609341079298146e-05 -0.0005112118625828103 0.7925061514289434 0.6098636973748908
1341110000000 -1.5031471123670435 2.435708826498995 0.04412867804219184 -4.571454540671246e-05 -4.204528020868884e-05 0.7926958089983017 0.6096173804435883
1341340000000 -1.5179046859165575 2.4912123996861775 0.04501860728495391 2.970947373705588e-06 0.00012721667150029096 0.7926012955962441 0.6097402479960194
1341560000000 -1.5301433239934852 2.5374790504425944 0.04502555973695446 -9.748916977283426e-05 0.00016787145380413578 0.7924366580538099 0.6099541829412647
1341790000000 -1.5447963797372548 2.5929947853110837 0.044917845784801985 -0.0004974485904110783 -9.180151585525074e-05 0.7922722772501971 0.6101675039021401
1342020000000 -1.5594813994966978 2.648493656640162 0.04501085180684486 2.2989013494073327e-05 -0.0001703314154223474 0.7924354659020304 0.609955738426442
1342240000000 -1.5717061996116082 2.6947572509630326 0.04498425372184309 0.00010100412727465412 0.0001271281160363904 0.7926401775553527 0.6096896936652506
1342460000000 -1.5864029883691817 2.7502893469486267 0.04503435899991526 -6.64569419757703e-05 1.6212547183282273e-05 0.7928661608103088 0.6093958043525979
1342690000000 -1.5986915332335212 2.7965353935507546 0.04506573020083632 -0.0003556682339827637 5.758580846223639e-05 0.7928095394203314 0.6094693629610141
1342920000000 -1.6134378617517207 2.8520546971440406 0.04501845220251913 0.0001609166339948025 -0.0001685637175294385 0.7926129213742995 0.6097251040941392
1343140000000 -1.628159817536644 2.907541814394351 0.045071213953371075 -0.00017023303631450917 -0.0004242214467681171 0.7926911546026518 0.6096232643785767
1343360000000 -1.640489138442387 2.9537826064753787 0.04502174560004085 2.0840266171481815e-05 -5.7100785428151254e-05 0.7928216952949282 0.6094536535085009
1343580000000 -1.6552604761487053 3.009257374493888 0.04505796196248754 -0.00042492951610176305 2.4875349271612156e-05 0.7928725488980078 0.6093873480965118
1343810000000 -1.6675896430773798 3.0555256883382937 0.044951085617539493 2.822718790425165e-05 0.00042242037514487026 0.7927343446553282 0.6095671247435673
1344030000000 -1.6822606917000467 3.1110381674833527 0.044933024681943434 -0.00047682548445242815 -8.467396357375396e-06 0.7925097662091733 0.6098590353752594
1344260000000 -1.6970179960907585 3.1665349603894497 0.0450163915667223 -0.00011329853793505618 -6.34334599560747e-05 0.7924046992951923 0.6099957177509802
1344490000000 -1.7093317846061649 3.212783144994837 0.04494468826873005 -0.0004424679481175945 0.0003641731513333542 0.7924731029494692 0.6099065934236743
1344710000000 -1.7240499158259162 3.268299788761191 0.044134331652873976 -0.00015075280063031027 7.511499405542065e-05 0.7925838271188508 0.6097629446112369
1344940000000 -1.738749749378051 3.323827405384323 0.045066387964940446 -0.00038232825920714086 7.701530219166928e-05 0.7924436612554866 0.6099449906587847
1345170000000 -1.7509903662719282 3.370114217406999 0.04506237504467145 7.788739987828806e-05 0.00030541979559816035 0.7922595893436447 0.6101841064345587
1345390000000 -1.7656412671927137 3.425635474918512 0.04502334519644402 0.0002222067637461915 0.00017089121714015346 0.7921261343230261 0.6103573615045574
1345620000000 -1.7802809154751684 3.4811195876804804 0.04502191654047419 -3.0842856657543744e-05 -8.385470087679295e-06 0.7924015783743016 0.6099997848920257
1345850000000 -1.7925506576686683 3.52735284365479 0.044924508398724444 -5.545198344773331e-05 0.0003618840494870852 0.79251598649007 0.6098510286313236
1346080000000 -1.8072732514988337 3.5829007450068415 0.044945982280310354 3.589968826403682e-05 0.00040458053008031236 0.7924923832145174 0.6098816750590083
1346310000000 -1.821947482714988 3.638429078690006 0.04503709907455958 -0.00014781950921354174 0.00011338100327810754 0.7922968904534271 0.6101357247956974
1346540000000 -1.8365652218764545 3.6939854713240954 0.04503696033565732 -0.00013996640509882603 -6.84095084611207e-05 0.792225747533422 0.6102281054447226
1346770000000 -1.8487789652804059 3.7402610639282527 0.04418423841443658 -5.875993482832071e-05 -0.0005208566030502715 0.7923744082300108 0.6100348534615129
1347010000000 -1.863465683431541 3.795768888718416 0.04504543283205073 -0.00015996291587670047 -0.00016498183781241005 0.7925563078723779 0.6097986930492417
1347230000000 -1.8781954716782647 3.8512578437739835 0.045055500325540565 -0.0003247478166643459 4.020044233512447e-05 0.7925322085181634 0.6098299692406911
1347460000000 -1.8929249580899667 3.9067902086097637 0.04505281543806297 0.00011557376311474159 0.0002581919193438976 0.7923433987186093 0.6100752891952608
1347680000000 -1.9050791117229182 3.953067149987852 0.04413357370056814 -5.4098549904369615e-05 9.716168501994057e-05 0.7922168340301541 0.6102396869363653
1347900000000 -1.9197787584691532 4.008543626475622 0.045048715738422895 -0.0001523673215513248 0.00023904088713265639 0.7923734074532898 0.6100363126933646
1348140000000 -1.934478232522445 4.064106822915815 0.04508143332013034 -0.0002422879313824061 -0.0002737066456398362 0.7923455707439386 0.6100724243101735
1348360000000 -1.9467168276862912 4.110373145425703 0.04504777837406823 -7.557436095433912e-06 0.00020695950974800216 0.7923839764829137 0.6100226150920731
1348600000000 -1.961362836986045 4.16590489299799 0.04506391855573055 -0.00038179069202812807 7.71778962583427e-05 0.7921971767735284 0.6102650910804999
1348830000000 -1.975986335081737 4.221480664547098 0.04492440180656421 -0.00011969284586024984 -0.000344469643554439 0.7919844842588608 0.6105411073036061
1349060000000 -1.9906383613674805 4.276981064093354 0.04501862703322637 -0.00010621530926937702 -6.148855961526945e-05 0.7921704300326091 0.610299921939546
1349300000000 -2.005260337626847 4.332495841079928 0.04501136102912062 -3.8454089465062327e-05 -0.00011973962170101711 0.7923581974634283 0.6100561212677181
1349520000000 -2.0174900190697143 4.378768327917101 0.04506058080854761 -0.0004352848577466733 2.8119520206286552e-05 0.7923956127595093 0.610007379148701
1349760000000 -2.032104514008795 4.434320397119184 0.04504313237817553 -0.00017933369510614384 0.00011920149922261171 0.7921669026267586 0.6103044748428085
1349990000000 -2.046737359269853 4.4898675508216614 0.04497342459954454 -5.6701626659999986e-05 0.00031982109613858535 0.7919835529523261 0.6105423378869003
1350210000000 -2.0589315809818425 4.536158288307865 0.04501644408094074 -8.09302500751952e-05 -6.688395054184801e-05 0.7919230513860047 0.610620888653763
1350440000000 -2.073494221815809 4.591729907606593 0.04489224038520276 -0.000141314628843421 -0.0006194848675672458 0.7921062235137593 0.6103829346725258
1350660000000 -2.0881408360739555 4.647180884597044 0.04492677407650175 -0.0004872008026953332 -6.170888679414364e-05 0.7923259560345071 0.6100978103725627
1350890000000 -2.1003671855184396 4.6934742610609534 0.04506644189773537 -0.0003809068415467241 7.845983384982358e-05 0.792186811390572 0.6102785467414621
1351120000000 -2.1149830891117753 4.749020683861153 0.045018433158974885 -0.00011567323644261126 0.00014999212406159793 0.7919638144349156 0.6105679984635319
1351350000000 -2.1296072953739205 4.804561181515465 0.0441361879110613 -0.00010479116249754649 -3.764221180983964e-05 0.792021415862824 0.6104932959636196
1351580000000 -2.1442045302931896 4.860103936576384 0.04500813420422922 2.844235061650175e-05 -0.00019452378234925604 0.7921949299019394 0.6102681004191453
1351810000000 -2.1564394257355852 4.906369729267684 0.045021811042793985 0.00019851544595681002 -2.8883163798534477e-05 0.7923382886062368 0.6100819585645197
1352040000000 -2.1710391645158764 4.96190924692536 0.044100794669517995 -9.94001330044037e-05 0.000249237664035177 0.7921571495642719 0.6103171129784974
1352280000000 -2.1856541360432953 5.017465783445869 0.045058149248316026 6.139026723451694e-05 0.0002865008559039521 0.7919410180623002 0.6105975254281187
1352510000000 -2.200252879792487 5.073010640579498 0.04411205456252196 3.268041496741164e-05 -0.00011584257216216543 0.7919426717707947 0.6105954390109907
1352740000000 -2.2148602632167655 5.128525494796183 0.04502054851073134 -0.00010368963634011191 -7.803602918495713e-05 0.7920390578207377 0.6104704039060992
1352960000000 -2.2270614562029643 5.174816944901335 0.0450045708097144 -5.02224354737148e-05 -1.9815780088432648e-05 0.7921688709580771 0.6103019555679361
1353180000000 -2.2417127862384354 5.2303562938501615 0.04494264863629957 4.964520084647202e-05 0.00041843893080787835 0.7920507551270354 0.6104550956023779
1353410000000 -2.253872106299413 5.276643052984432 0.04506443512633965 -0.00037035443848019024 4.4128239753957886e-05 0.7919122413396801 0.6106348032225585
1353630000000 -2.268458109549428 5.332173123809459 0.044925022367437895 -8.936876336027049e-05 0.0004375699640681197 0.7917512902895077 0.6108434290967285
1353870000000 -2.2830147517460064 5.387748694435496 0.044889319200628386 -0.00018646744747579996 -0.0005906454360166634 0.7919089698447581 0.6106388456749815
1354110000000 -2.2975979676919827 5.443258248109188 0.04505666500176653 6.703077003167887e-05 0.00017338532022708513 0.7921395980971714 0.6103399237890789
1354330000000 -2.3097977007288946 5.489511188168465 0.04505467350218159 -0.00032291840238804677 3.1595090454552734e-05 0.7921438459745375 0.6103343526380633
1354560000000 -2.324418416196035 5.545065237127757 0.0441023302473979 -0.00020856463996685265 0.00012145025422259497 0.7919385146203617 0.6106007949646989
1354780000000 -2.3390064749512223 5.600609461810876 0.04501160655210912 -6.534202394673529e-05 7.147246771410223e-05 0.7918127912282437 0.6107638612994749
1355000000000 -2.3511645898996734 5.646917166035244 0.045069666408631415 -0.00017303923138171494 -0.00043061588010436777 0.7919826701213408 0.6105433930973785
1355230000000 -2.3657795717906946 5.702430159761271 0.04501151377970594 -9.77916541171965e-05 -8.363717513472546e-05 0.792159524103987 0.610314076368029
1355470000000 -2.38043431938645 5.757987635571642 0.044129842103554445 9.667302662923193e-05 0.00011881331921612371 0.7921493203940054 0.6103273144281159
1355700000000 -2.3950440729318707 5.813523642824499 0.04410417032407207 -0.00015564929888571173 0.00016124202904997458 0.7919672774086008 0.6105634948867418
