1305650000000 0.4005523949324602 -1.9992025351546345 0.045027939744745504 -9.1129021883916e-05 0.00016181973222188212 0.8082958750715451 0.5887764803830063
1305930000000 0.4005778172758634 -1.9991674057303634 0.04500686407918136 -0.00015949508579428623 0.00011914975221153786 0.8080846117278353 0.5890663974912572
1306220000000 0.4006030090297382 -1.9991328790974787 0.045043755501442184 -0.00019245138423914363 9.735226319268852e-05 0.8078422710010816 0.5893986924559781
1306500000000 0.4006282554933909 -1.9990983603083243 0.04409997400384583 -0.0002247692635059734 7.55708962960604e-05 0.8075999478683342 0.5897306740969828
1306790000000 0.40064022863374354 -1.999060258078247 0.04495563885897699 -4.044613355363855e-05 0.00042706481685275043 0.8073308878342635 0.5900988506415619
1307070000000 0.40066343618713063 -1.9990107944305608 0.0450697792231112 0.00010648824677727877 0.00033091300726315813 0.8070863545601209 0.5904333115938581
1307350000000 0.4007094808447518 -1.9989765894383877 0.04500686868433376 -0.00015924698428646387 0.0001194131020396198 0.8068386551369519 0.5907718213978252
1307620000000 0.4007407934847737 -1.9989508747398248 0.04507269103825165 -0.0004475631226970801 7.482840094924057e-05 0.8066386781134652 0.591044699713417
1307860000000 0.40074990235602026 -1.9989163836772623 0.04502793400645125 -9.062561500695712e-05 0.00016211494761128316 0.8064263606007656 0.5913344996141741
1308090000000 0.4007753961907136 -1.9988815051569548 0.0450068706334997 -0.000159124627737516 0.00011954152250845961 0.8062138558256892 0.5916241873553281
1308330000000 0.4008066996587137 -1.998855902517627 0.045072690975496515 -0.00044750075025819236 7.530355969500945e-05 0.8060134943257964 0.591896985156346
1308550000000 0.40081585007476134 -1.9988214321108821 0.04502793184707832 -9.045810008730472e-05 0.00016221420467391826 0.8058007555204464 0.5921867170973708
1308780000000 0.4008446503438976 -1.9987986469527048 0.04506481018822414 -0.00038884395066039854 6.466353378697995e-05 0.8056257611498552 0.5924246598435332
1309010000000 0.4008589193084171 -1.9987656007943475 0.04409993325579398 -0.0002243586951918848 7.659504227776203e-05 0.8054130076561081 0.5927139536865293
1309240000000 0.40086135709686344 -1.9987256927767647 0.045069751334747804 0.00010746686662648161 0.000330470511595973 0.8052097532207155 0.5929899936409957
1309450000000 0.400899636742854 -1.9987051452921116 0.04504373278603599 -0.00019191176379559926 9.830051037484338e-05 0.8050298730435407 0.5932342345266204
1309680000000 0.4009040753208547 -1.9986802456670305 0.044955689370994145 -3.880204050509276e-05 0.000427071610197989 0.8048281997815664 0.5935076957720131
1309900000000 0.4009404358440999 -1.9986447436606336 0.0450068744555252 -0.00015882384520974756 0.00011985290261689074 0.8046464798203755 0.5937541603415896
1310120000000 0.40097171761777617 -1.9986194223917215 0.04507269069518857 -0.00044734579216218105 7.64930839063429e-05 0.8044451452681406 0.5940267689970468
1310350000000 0.4009809731173394 -1.9985850042022708 0.04502792589708654 -9.003993195552586e-05 0.00016246430445068937 0.8042313408075663 0.5943163433399962
1310580000000 0.4010097596042056 -1.9985624858854347 0.04506480837433466 -0.00038870278717665404 6.569792421842284e-05 0.8040554841278155 0.5945541380210136
1310820000000 0.4010241121220106 -1.9985295452305765 0.044099905109661636 -0.00022404287710767895 7.736250732374508e-05 0.8038416603640184 0.5948432809430142
1311060000000 0.4010266914348427 -1.9984896030114965 0.04506972603408893 0.000108274175609865 0.0003300916538923541 0.8036374146000715 0.5951191352755477
1311290000000 0.4010759078067418 -1.99846840369941 0.04506480756495801 -0.00038864658077969536 6.611253308070209e-05 0.8034251866431548 0.5954055878561939
1311510000000 0.4010902941358381 -1.9984355056225847 0.0440998940796887 -0.00022391110245117084 7.767805978871465e-05 0.8032109297728369 0.5956946752518374
1311750000000 0.4010929306571903 -1.9983955497957877 0.045069715378320246 0.00010859496434038355 0.0003299375022606704 0.8030062827996421 0.595970459949719
1311980000000 0.40113116418721434 -1.9983755101104785 0.04504371433743995 -0.0001914792844528371 9.905603612801096e-05 0.8028251201873724 0.5962145418552929
1312210000000 0.4011357124559847 -1.9983505921807372 0.04495573677155032 -3.737564456378095e-05 0.0004270663067027393 0.802622045267775 0.5964877774670697
1312440000000 0.40119038742213453 -1.9983202526985049 0.0449429855271892 -0.0004493326769489834 -2.57374229404859e-06 0.8024070295714328 0.5967769742440394
1312680000000 0.4011974526320602 -1.998281822091982 0.045043708936396476 -0.00019135357352703178 9.927488824071423e-05 0.8021923487647536 0.5970656489127426
1312910000000 0.40120203281618133 -1.9982568989051455 0.0449557508803643 -3.697024069114456e-05 0.00042706286114220276 0.8019888672157444 0.5973388260547953
1313140000000 0.40123845174736406 -1.9982220140558133 0.04500687745263354 -0.00015830157534073937 0.00012037788097472231 0.8018054930187677 0.597585066592789
1313360000000 0.40126969903963594 -1.998197203600729 0.045072689737536614 -0.00044707054681652065 7.864049200430086e-05 0.8016023635833252 0.5978573781774595
1313580000000 0.4012588009040629 -1.9981613783518293 0.045069687373374884 0.00010939148845695302 0.0003295455180401809 0.8014228884366198 0.5980980131409561
1313820000000 0.4013079145054399 -1.9981408463960535 0.04506480434693849 -0.0003884510647606073 6.756769497751351e-05 0.8012091503976493 0.5983842760797228
1314060000000 0.40132242095337956 -1.9981080989862239 0.04409985652184889 -0.00022342450635726643 7.882189425748863e-05 0.8009933548718883 0.5986731907474029
1314280000000 0.40132526066124175 -1.998068095767479 0.045069675576877105 0.00010970767072434961 0.00032938593421686415 0.8007872824021821 0.5989487522418434
1314540000000 0.4013743459299787 -1.9980477550581262 0.04506480330735799 -0.00038839557178131244 6.798482321045403e-05 0.8005731064880118 0.5992349670163434
1314770000000 0.4013888876567562 -1.9980150508752037 0.044099846195455206 -0.0002232772392160284 7.916180732891475e-05 0.80035686510565 0.5995238380239264
1315000000000 0.40139178674124204 -1.9979750338235753 0.0450696633620028 0.00011002204736096106 0.0003292245832752459 0.8001503795842382 0.599799341077933
1315230000000 0.4014408440677366 -1.9979548845707296 0.045064802209038135 -0.0003883402466224082 6.840266592382489e-05 0.7999357630125845 0.600085510212005
1315500000000 0.40145542131678386 -1.9979222237878764 0.04409983600837705 -0.0002231263767481155 7.9507191875331e-05 0.7997190729835089 0.6003743400576207
1315760000000 0.4014786529866578 -1.997883946756299 0.0450279031009127 -8.879053546815936e-05 0.0001632337969839757 0.7994756415648449 0.6006984801174776
1315980000000 0.40150740990635597 -1.997862235651749 0.045064801056908105 -0.00038828506114829865 6.882109776452488e-05 0.7992971119419283 0.6009359128390152
1316210000000 0.4015220228855017 -1.9978296186199735 0.044099825941142645 -0.00022297182051322396 7.985809015856821e-05 0.7990799705977695 0.6012247038302074
1316460000000 0.4015250418119977 -1.9977895741864775 0.04506963793036281 0.00011064683307241742 0.0003288971663928987 0.7988726511450059 0.6015000971209248
1316700000000 0.40157404443655664 -1.9977698090668141 0.04506479985245532 -0.0003882300373122105 6.924011379166433e-05 0.798657145061512 0.6017861822320613
1316930000000 0.40158869338398456 -1.997737235964318 0.04409981600972829 -0.00022281372037500648 8.021430765641085e-05 0.7984395494451078 0.6020749370315994
1317160000000 0.4015917727873137 -1.9976971778731059 0.04506962471222223 0.00011095722347627767 0.0003287310933672609 0.7982318089608481 0.6023502791461584
1317400000000 0.40164074867509814 -1.9976776051398852 0.04506479859587434 -0.0003881751829831105 6.96597237021498e-05 0.7980158537421859 0.6026363261899174
1317620000000 0.40163471575385273 -1.9976532780499132 0.04495584909353678 -3.435941023229345e-05 0.00042702012145042335 0.7978416086838978 0.602866970339176
1317850000000 0.4016892768573715 -1.9976245506406076 0.04494296029821432 -0.00044936650959429757 1.2705717128921218e-06 0.7976232661223857 0.6031558035933864
1318080000000 0.4016967120530551 -1.997586212032094 0.045043666516355496 -0.00019037750649329694 0.0001009645697058245 0.7974052364172016 0.6034441502715788
1318300000000 0.4017121887150257 -1.99756105132058 0.04502788976586758 -8.820982103420314e-05 0.0001636043269025269 0.7972312356431751 0.6036740199540707
1318530000000 0.4017380803720294 -1.9975274059247223 0.04500687029570152 -0.0001574945445808648 0.00012114392196698232 0.7970123824521949 0.6039629315922417
1318750000000 0.4017692850695767 -1.9975034592903416 0.045072686699992204 -0.00044662329761922917 8.224134661607586e-05 0.7968061383037298 0.6042348647053464
1318990000000 0.4017790738131938 -1.997469302990286 0.045027885639234044 -8.804416121257821e-05 0.0001637114411833339 0.7965869699173985 0.6045239158251783
1319210000000 0.4018049964160871 -1.9974357448864715 0.045006868187421 -0.00015739301820589445 0.00012123567774832918 0.7963676573867178 0.6048127931829317
1319430000000 0.4018225992672641 -1.9974156680417061 0.04409978231440323 -0.00022223230914068367 8.150257698680533e-05 0.7961875660545543 0.6050498356583988
1319650000000 0.4018564455862453 -1.997395448461461 0.044942949928852505 -0.0004493748774406932 2.5672105078299223e-06 0.7960121254161697 0.6052805087280285
1319880000000 0.401864008110025 -1.997357145206719 0.045043651564006304 -0.0001900386285589873 0.00010154625170229362 0.7957929439343195 0.6055687772318082
1320100000000 0.4018795395050153 -1.9973321077132817 0.045027879175671054 -8.77958549957963e-05 0.00016387323753887863 0.7956180325580016 0.6057985735423816
1320330000000 0.4019055093244551 -1.9972986808595181 0.04500686449977548 -0.00015724347032922413 0.00012136862740283901 0.7953980254523163 0.6060874042996633
1320550000000 0.40193670409563215 -1.9972750269839907 0.04507268528684505 -0.00044647760494955787 8.344788567502396e-05 0.7951907074531664 0.6063592437444418
1320780000000 0.3994838824370177 -1.9882600709491545 0.044073326238754845 -0.00017891950439067475 0.0001618009647451329 0.7950066975222497 0.6066006039421863
1321000000000 0.38357774403099953 -1.9299265170340887 0.0450524649204497 -0.00039863399262112426 8.951632906519924e-05 0.7948909368188325 0.6067521995353999
1321230000000 0.36274529718915555 -1.853951453633673 0.045086974050116135 -0.0004786772967282478 6.860164047506863e-05 0.7950133627989845 0.606591723594141
1321460000000 0.3454181833914067 -1.790637668581203 0.04501307785682365 -0.00013787804817679922 9.404889220248455e-05 0.7950722435339911 0.6065147151605441
1321690000000 0.3246090291968523 -1.7146481854144797 0.04506478862067434 0.0004111661759963155 0.00025248623773048656 0.7949179252751989 0.6067167867046771
1321920000000 0.3038753653842302 -1.6386708018959943 0.044177422179075915 -0.00034935814638807573 0.00013133836034849998 0.7947665640523537 0.6069151253375852
1322140000000 0.2865853066429195 -1.575340870062245 0.04504975398746572 -0.00019258333718330251 0.00024570341805232524 0.7948167659942247 0.6068494138054105
1322380000000 0.2672666161630982 -1.5047445961180848 0.04413661481135733 -9.366937058934658e-06 3.104668422236235e-05 0.7949194945340544 0.6067149216543856
1322610000000 0.2512559626587799 -1.445803278736965 0.044940596214958356 -0.00045269348721750337 7.080640782056212e-05 0.7946813266249751 0.6070266708873907
1322850000000 0.2361426459451596 -1.3903565231345323 0.04500437874258742 -4.123685245210358e-05 3.8700321271124435e-05 0.7945515245130174 0.6071967322835714
1323080000000 0.22103446921440467 -1.3349651111767435 0.0449638916467911 0.00031228608999772124 0.00047420154621144104 0.794644316209886 0.6070750269329273
1323310000000 0.2059090711418829 -1.27951885834352 0.04490092001485285 -0.00010308926626353787 -0.0005941256792365586 0.7946910710810934 0.6070137872662077
1323520000000 0.1933077429577906 -1.2333489070790022 0.04498009986442475 -0.000132803371893801 0.00032869973572610423 0.7947607680530927 0.6069227264515692
1323750000000 0.17823370318314205 -1.1779250819119333 0.044941582927434526 -0.00043749002862838223 1.2385220434506375e-05 0.7945735670559446 0.6071677321672103
1323970000000 0.16567491480732005 -1.1317289013386722 0.04505942155732659 -0.0004126749854389655 5.632177749190987e-05 0.7944170869523728 0.6073724709643334
1324200000000 0.150591340318145 -1.076320432623891 0.04504675695129648 -0.00016104842606461993 0.0002634971760423235 0.7944628069912587 0.6073127307575668
1324420000000 0.13800602895984165 -1.0301325858117296 0.04501703323682718 -1.7441427240754935e-05 -9.438171269751112e-05 0.7944509812348466 0.6073282713680289
1324660000000 0.12292141147850055 -0.9747022355052832 0.044967673072085934 0.0001250518188414623 -0.0001043386791307092 0.7944917598944514 0.6072749105103058
1324890000000 0.10784777430123342 -0.9192644189567105 0.045066912408426446 0.0001516852420154005 0.0003184513873817287 0.7943448415325675 0.607466993597925
1325110000000 0.09287701022100148 -0.8638393024306328 0.04505855597855671 -0.0004196078327370501 6.049305115983148e-05 0.7941263357742652 0.6077525673327894
1325330000000 0.08033981579954151 -0.8176330618489256 0.044941211368879436 0.00026552139317818403 0.00020022853872279914 0.794018895858979 0.6078929859982019
1325560000000 0.06530710982232245 -0.7622202235563715 0.04495057966780541 -0.0004524512602399527 0.00035553080452394373 0.7940572693249415 0.6078426785920199
1325780000000 0.05280489083132524 -0.7160158369643155 0.04503724364899733 -0.00014000007444142082 0.00026803956438197103 0.794132708735413 0.6077443125783465
1326010000000 0.03784953757481654 -0.6605438191825588 0.0449304609154208 -0.0003261830879228691 -4.4471984540924076e-05 0.7943070078388921 0.607516476257938
1326240000000 0.02282226263914954 -0.6050913289207491 0.0450695698940059 -0.0004503019928511954 9.502072410759895e-05 0.7941323176473764 0.6077447245901718
1326460000000 0.01031199307491456 -0.5588921377698829 0.045030882583048354 4.436188817801326e-05 7.536074506075811e-05 0.7939802263847457 0.6079435767098859
1326690000000 -0.004667196302076676 -0.5034488800689606 0.04502304984051683 -6.421553274450496e-05 -2.771488644238747e-05 0.7940757415080296 0.60781881499072
1326910000000 -0.019679035448870896 -0.448033258014821 0.04492501598330881 -2.0880729056144174e-05 0.0003053011453287794 0.7942114338941564 0.607641427675067
1327140000000 -0.03219065459087214 -0.40179356565479096 0.04413504446572508 -5.660721812531467e-06 6.728226069461979e-05 0.794213358188095 0.6076389858432741
1327360000000 -0.04718184043393103 -0.3463632999006907 0.04505617886725918 -0.0002649618330389329 2.706557648490814e-05 0.7940275107528655 0.6078817658313908
1327590000000 -0.06216627587813003 -0.290893667441489 0.04412400048614665 -3.95708640985162e-05 -8.974094893793265e-06 0.7938488202102247 0.6081151609723661
1327820000000 -0.0746272451602783 -0.24467630456940542 0.04493479160215985 -0.00038385848996690786 -0.00019482001592199244 0.7939321189712858 0.6080062542142024
1328060000000 -0.08964319916413116 -0.1892437476774559 0.044994841150552994 0.00012578280471054794 0.0006121226274376851 0.7939341507607602 0.6080034323425859
1328310000000 -0.10708770495666249 -0.12455826862776612 0.045062105693758736 -0.00037867051412201087 4.746970366895045e-05 0.7939261221304402 0.6080141173971132
1328550000000 -0.1220354350750154 -0.06908833204727984 0.04502576123469215 -9.638941688843472e-05 0.00016767118165333255 0.793721239537843 0.6082816424173633
1328790000000 -0.136922824534491 -0.013634148174356799 0.04491779451902547 -0.0004976622774375879 -9.121275109492388e-05 0.79355438608678 0.608499121063396
1329030000000 -0.1518987817157018 0.04182432813992851 0.04507907138220643 -0.00045937296928027246 4.355701008771059e-05 0.7935362195205548 0.6085228470552998
1329280000000 -0.166808987587432 0.09730488515300562 0.04413323187012394 -8.172972162812636e-05 -4.461204202186334e-05 0.793614240801713 0.6084212587728499
1329520000000 -0.18172473997863733 0.15277637856624451 0.04501400224047447 4.925527295965261e-05 6.15472206887715e-05 0.7937199050649284 0.6082834093492758
1329770000000 -0.19659762828408078 0.2081939979244915 0.04410343739331807 0.0001665950205544147 1.1774145528336309e-05 0.793579564729192 0.6084664711811941
1330010000000 -0.2114769409351087 0.26368239379245634 0.045017821201448954 0.00021034256854283502 -3.406082379447344e-06 0.7934700177780418 0.6086093054100608
1330250000000 -0.2263791384896156 0.31913819707715413 0.04503372004841519 0.00020530794245939907 -3.52455303736584e-05 0.7935612185321527 0.6084903853374894
1330480000000 -0.24127441858961793 0.3746166231206405 0.045056216625317225 -0.00016783774148330336 -0.00018872975298696608 0.7935971900924513 0.608443453485152
1330710000000 -0.2561977074077123 0.4300868766333315 0.04501834722958384 -2.162579736409408e-06 0.00012276741097372982 0.7934878670157899 0.6085860578605281
1330940000000 -0.26857068224491126 0.47631736925547696 0.0450261562801805 -9.638100105376416e-05 0.00016617687032011898 0.7933250841865598 0.608798221002935
1331160000000 -0.2833862306948714 0.531790699625966 0.04491882666266733 -0.0004974010192182509 -8.717738640221865e-05 0.7931591125760151 0.6090142585604688
1331400000000 -0.2982903870354608 0.5872687151395817 0.045083237492228145 -0.0004633170434024393 6.288253492973011e-05 0.7931428855653868 0.6090354213509392
1331620000000 -0.3106272470836081 0.6335302572824628 0.044938901934684056 -0.0003682503191860042 -0.0001720923404395859 0.7931552160356093 0.6090194069579677
1331850000000 -0.32548267782787405 0.6890146781789245 0.04413380243181217 1.9400003140643374e-06 4.8669155456366954e-05 0.7932163936336701 0.608939857866394
1332080000000 -0.34030648377923384 0.7445197865555548 0.04506703199869416 0.000100706810416683 0.0003237951593370115 0.7930272001329151 0.6091861331844171
1332310000000 -0.35505681153184626 0.799990995611212 0.04501368575729925 1.816017047038947e-05 0.0002634748066736678 0.792850720837785 0.609415838913167
1332530000000 -0.36737263600579184 0.8462057641079374 0.04500026011033148 0.00023224318261185715 0.0004735929204723652 0.792901640158802 0.6093494160219827
1332770000000 -0.38215404718084656 0.9017101845832975 0.04490662185999847 -0.0002237105613294821 -0.0004858086807275159 0.7930722865366805 0.6091272956213599
1332990000000 -0.3969956374014541 0.957191818009882 0.0450435894943389 -8.156083252069693e-06 0.00017230453730318526 0.7931241382296528 0.609059990150474
1333220000000 -0.4093657453431579 1.0034323836743437 0.04488598639601368 0.0005339864322111219 0.00033236780734916227 0.792954273850574 0.6092808252130044
1333440000000 -0.42409309541333556 1.0589397639143379 0.04409611417162462 0.00014929073740799708 0.0001332069768694881 0.79276388114129 0.6095288251805451
1333670000000 -0.4388556893003454 1.1144192219299522 0.04493451047815955 -0.00011250318693342499 0.00035003337435033835 0.7928239506379553 0.6094506117106576
1333900000000 -0.451216096896267 1.1607008898551205 0.045092980724505544 -4.3759144162106087e-05 0.00033435796747826127 0.7929019126325485 0.6093491964658142
1334140000000 -0.4660148619098684 1.2162114691519905 0.045027839080873544 3.2288321828663226e-05 -0.00026046120807895573 0.7930497628308132 0.6091567981984722
1334370000000 -0.4808161424001488 1.271699653981164 0.045013981746184706 0.0001315851148119913 7.811096413174453e-05 0.7930710231841592 0.6091291560659903
1334600000000 -0.4956262922668597 1.32719807568942 0.04504477786792907 1.0891775505449211e-05 0.00022796163551093944 0.79287969404793 0.6093781573713674
1334840000000 -0.5104234386996914 1.3826937488903444 0.04501747077320567 -0.00011132150806458731 -5.913501943849953e-05 0.7928168762114624 0.6094599124674813
1335060000000 -0.5227627196952548 1.4289168614830488 0.04413752351243913 -6.157114914083304e-05 -0.00014895660677076815 0.793000516444479 0.6092209409891561
1335280000000 -0.5375572470532975 1.4844088662982418 0.04508589429178289 -0.0003053097454032419 -0.000170817946102508 0.7931244746925588 0.6090594759552151
1335510000000 -0.5522986657217981 1.5399167187244467 0.04494092458136681 -0.00043278793552572987 4.5245264192194446e-05 0.7929259935767536 0.6093177983267736
1335730000000 -0.5645895417983334 1.5861770171067975 0.04506833297197699 -0.00046400202554637874 7.912744065397379e-05 0.7927479046140983 0.6095494550657272
1335960000000 -0.5793661548345432 1.641691077611389 0.04504215212984394 -0.00014253704882773372 0.0002839596777790896 0.792675509912173 0.6096436951495258
1336180000000 -0.5917237981438017 1.6879605976669632 0.04508943684261921 -0.0004797901290357835 9.624946322525886e-05 0.7927675630246973 0.6095238728330135
1336410000000 -0.6064899088433073 1.7434466087215965 0.04504465048556072 -0.00015391527946009083 0.0003061779056670666 0.7928360898993987 0.6094348341850909
1336630000000 -0.6212555160966261 1.7989844535790476 0.045018498164633824 4.586893653054956e-06 0.0001264422481344622 0.7927797085333763 0.6095082589506503
1336850000000 -0.6335211442298843 1.8452441448247894 0.04502552741099586 -9.705702467818169e-05 0.0001684329988727054 0.7926148369396963 0.6097226274900066
1337080000000 -0.6482065974766161 1.900751649871871 0.044917598760218 -0.0004975593077236892 -9.174689633341478e-05 0.7924488369127374 0.6099381812060071
1337310000000 -0.6629221798345921 1.9562417158371848 0.045010853969394055 2.348592309999206e-05 -0.00017038724781457188 0.7926135296724306 0.6097243336105328
1337530000000 -0.6751737901754058 2.0024980354955773 0.0449830289406169 9.757690401252359e-05 0.0001290533934577402 0.7928181632305799 0.6094582298038638
1337760000000 -0.6899226028793943 2.0579628908943755 0.044928997726953857 -0.0004038983641354596 -4.6811526133579605e-05 0.7930185491127135 0.6091973534397199
1337980000000 -0.7022840106500395 2.1042367416135646 0.04488467193504256 0.0005153889993633969 0.00036428100808727726 0.79287070416204 0.6093895701069368
1338190000000 -0.717016082929611 2.1597166944807964 0.04509011541211613 -0.0004709630337947834 0.00030173476093023376 0.792713057953561 0.6095946972373278
1338420000000 -0.729300190046104 2.2059348959889507 0.045020158883000844 -0.00010687398094441657 -4.576767586273149e-05 0.7926940286673592 0.6096196875088471
1338640000000 -0.743992094921256 2.261454071992625 0.045006111122071646 2.6707452494343898e-05 -0.00020162845114024701 0.792864841699804 0.6093974905010888
1338860000000 -0.7562723979169771 2.307706494935318 0.04491968858124762 -0.00047633042419717344 -9.190717114190718e-05 0.7929636940959255 0.609268696478116
1339090000000 -0.7709957246852812 2.363240321960519 0.04500273981435099 -0.00016615402184229193 0.00010458783807613623 0.7927456162970413 0.6095525812397559
1339320000000 -0.7856936953675538 2.4187477251243337 0.045065194937281866 -0.00047754308638735943 7.561413602597165e-05 0.7925366153515724 0.6098241382252566
1339550000000 -0.8004112844421016 2.474264853950879 0.04413783862520598 -9.837313573175898e-05 -5.3704676606261855e-05 0.7925262591392761 0.6098377784404956
1339770000000 -0.8127078320952895 2.520526745443009 0.04502084834058215 -8.170602406932251e-05 -4.873932753490007e-05 0.7925864253141275 0.6097595832427536
1339990000000 -0.8274392811520745 2.5760240338175526 0.04503492974196707 -0.0001365372657339703 0.00022663753770436044 0.7925739311078688 0.609775773314438
1340210000000 -0.8397117461752495 2.6223020785961553 0.045019077503964416 4.9035154708405025e-06 0.00013133395981802687 0.7924667116125981 0.6099151528805149
1340440000000 -0.854383634249935 2.6778258588051567 0.04496016128709138 -5.382623184683655e-05 0.0004062481827871851 0.792267225446254 0.6101741354308992
1340660000000 -0.8666020577918524 2.7240753453518765 0.044926378019280816 -0.00010265321016189321 0.0004271598026181615 0.7921280787467752 0.6103547442739872
1340890000000 -0.8812267544231202 2.7795611633473642 0.04498055589885061 -0.0005565733178831513 0.0003345565011866242 0.792206256095803 0.610253083647072
1341110000000 -0.8958748761677415 2.8351378078292138 0.04500909469810788 -6.470687166903053e-05 -3.0246352314685985e-05 0.7922105927702684 0.6102477952444881
1341340000000 -0.9080873610304417 2.881391793909318 0.04505447174906052 -0.0003247863963194423 3.078408582618448e-05 0.7921684859029289 0.6103023705577407
1341560000000 -0.9227122649925829 2.936944829495448 0.0441024559512678 -0.00020843113842548502 0.00011997596879792185 0.7919637386558045 0.6105680787729965
1341790000000 -0.9373003629081623 2.9924936914816014 0.04501352453773119 -0.00011651198956458702 6.620252242655155e-05 0.7918041978272996 0.6107749948591942
1342020000000 -0.9494465849244288 3.0387614433759156 0.04418494374708423 -9.911372458078617e-05 -0.00046381726258084573 0.7919199180632133 0.6106247771133844
1342240000000 -0.9640274689506324 3.094296855339731 0.04504424943225077 -0.00016736637799211882 -0.00017654038073133062 0.7921486872312758 0.6103281069553944
1342460000000 -0.9762063601258696 3.140557183909404 0.04418424129794313 -0.0001387930497484775 0.0004282842227484 0.7923370976243184 0.6100833722020172
1342690000000 -0.9908577513940394 3.196113345450655 0.04505673724914955 -0.0002684415116925279 4.030799702802565e-05 0.7923337594949488 0.6100878132523391
1342920000000 -1.0055080601870219 3.251677199054677 0.04506723707231905 -5.586456906911499e-06 -0.0005054898240512227 0.7921291016586167 0.6103533654812942
1343140000000 -1.0177185772183128 3.297903210208726 0.04493194035658982 -0.0003649205718389876 -0.0001707701210620932 0.7921589162552671 0.6103147459039663
1343360000000 -1.032348677353144 3.353424175916676 0.045031331694141 0.00019954116665715755 -5.984316230311051e-05 0.7923701787357916 0.6100405367287723
1343580000000 -1.0446103162752183 3.399705949233644 0.04492327314412681 -0.0005089540742320563 -9.284204734196416e-05 0.7922973540123924 0.6101349319380643
1343810000000 -1.0592374012462673 3.455269852907406 0.044930097738295455 -0.00034184810366783165 -3.6613152453068334e-05 0.7922883469175337 0.6101467504937096
1344030000000 -1.0738969121860733 3.510829891124494 0.04501378988734048 -4.2693256065580374e-05 0.00010835885366940742 0.7920691897616358 0.6104313106861335
1344260000000 -1.086095184921088 3.557105050461088 0.04504234337965929 -0.00014259296151708612 0.0002807165531621583 0.7920360725496264 0.6104742096482266
1344490000000 -1.1007466214857915 3.612674170710813 0.045023943409147116 -0.00021749492262437034 -6.610983054476457e-05 0.7921261582664332 0.6103573524710837
1344710000000 -1.115385590943913 3.6681960713169146 0.04501333296248067 -0.00014336247243840335 7.831054992710342e-05 0.7921387879546137 0.6103409816917547
1344940000000 -1.1275862572767932 3.714492646700218 0.04501875358616153 3.2356964154299086e-06 0.00012827062272915884 0.7920268184217696 0.610486283577991
1345170000000 -1.14217842183136 3.770037340592797 0.04495937416724216 -5.036302406060061e-05 0.00040996459451382984 0.7918276338843608 0.6107444863522645
1345390000000 -1.1567358037453188 3.8256134890400895 0.04501217893891965 -5.3812209452529694e-05 -3.743615709666164e-05 0.7916777340946021 0.6109389176027479
1345620000000 -1.1688949002748308 3.8718175176747134 0.045049290498588884 -0.00015971045787583303 0.00023646262162830954 0.7918994694730868 0.6106514135136691
1345850000000 -1.1835037624613944 3.9273745406498066 0.045009838024518994 -0.00010677470425983126 -2.725185089667722e-05 0.7920711963094578 0.6104287082316848
1346080000000 -1.1981353418890075 3.9829171933834786 0.04506327425955459 -0.000375902055826586 5.786128755608909e-05 0.7920673752685076 0.610433557715312
1346310000000 -1.2127567907943066 4.038471000486931 0.044991653781227825 -0.00017490490502977343 1.5147979433723065e-05 0.7918709712026837 0.6106884100302964
1346540000000 -1.2248640955561998 4.084773560884279 0.04500865815865193 -6.5808461561686e-05 6.493145209873682e-05 0.7917578615065569 0.6108350679158139
1346770000000 -1.2394440482578923 4.140338167547532 0.04506718095420023 -0.00011145868606237843 -0.0004885546400849685 0.7919316559496047 0.6106095325134075
1347010000000 -1.2540484266829517 4.195860901426551 0.04495508985559432 -0.00031986372887405886 -0.00013222343072171182 0.7921101331461847 0.6103780936200878
1347230000000 -1.268695609523323 4.25137344295665 0.04493208381775465 -0.00038043238794137666 -4.9496283239167494e-05 0.7921057910757359 0.6103837060125368
1347460000000 -1.2809101216630387 4.297660209296497 0.04501093841103562 0.00011052536073717367 0.0001000152764642577 0.7919447272573312 0.6105927667033082
1347680000000 -1.2954415885778596 4.353224011990272 0.04504345132139839 -0.00013212294293336632 -0.0001129839945220354 0.7917814402701833 0.6108044864126484
1347900000000 -1.3076280423821731 4.399481111556284 0.044937771239667745 0.00011533519953915086 6.401608793713513e-05 0.7918727859512842 0.6106860678527747
1348140000000 -1.3222612256523665 4.455056363080272 0.04502256867729426 -0.0002311676542619799 -8.690777077238892e-06 0.791863630686305 0.6106979096757161
1348360000000 -1.3368721349598205 4.510584894053242 0.04496869715792029 -0.0002438060251594454 0.00023091374484886248 0.7920204222744961 0.6104945027906423
1348600000000 -1.3515029428607015 4.566147879595948 0.045062974182876664 0.000440489893087848 0.0002439256644762529 0.791940378553633 0.6105982175582015
1348830000000 -1.3660425477006026 4.6217058536012905 0.045002773055677764 -7.288070781432624e-06 5.525380452939014e-05 0.7917439013454022 0.6108531669527981
1349060000000 -1.3782121387760937 4.6679535065132525 0.045055054362494185 -0.00023372836078111765 0.00030636918064149766 0.7917322232697331 0.6108681839360633
1349300000000 -1.3927411902059035 4.72350881001396 0.04502855338929085 6.789706405183562e-06 -2.7065605780398242e-05 0.7919207550246384 0.6106238752149798
1349520000000 -1.4073459072850683 4.779048828427755 0.045060910543413546 -0.0004457180640701494 1.930489128500405e-05 0.7919838273667862 0.6105419053203351
1349760000000 -1.4218867539226827 4.834621372965098 0.04504321173323941 -0.0001785180336462715 0.00011985493083906938 0.7917598880591241 0.6108324102621852
1349990000000 -1.4364283159054296 4.890179805511679 0.04498026434170205 -0.00011899075265867521 0.0003374966340167783 0.7915481427735493 0.6111067088561272
1350210000000 -1.448545456129798 4.936478751986551 0.044137044759951505 -0.00011074816697373032 -4.286246507420288e-05 0.7916433573412731 0.6109834536835592
1350440000000 -1.4631156697360892 4.992005893248587 0.04504852486005603 -0.00017312743791696405 0.0002550523205236848 0.7917019761412728 0.6109074282976166
1350660000000 -1.4752327207579825 5.038319445065496 0.04487841254955141 -0.0002898930487692148 -0.0003652374201330991 0.7918126709995772 0.6107638468411196
1350890000000 -1.4897614853034957 5.093894028617083 0.04502498886345965 -7.719635510983909e-05 0.00019115213807369575 0.7916302321182908 0.6110004362501912
1351120000000 -1.5042602379418735 5.149467504703331 0.044988959293757874 -0.0002144144100185012 5.0158069026246283e-05 0.7914031651209379 0.611294513100838
1351350000000 -1.5187671965203309 5.205032784152658 0.045077958673406304 -0.00022549430714050573 -0.00029713777200588044 0.791394192476694 0.6113060550784881
1351580000000 -1.5308410958987633 5.251337579650454 0.04490324661174236 -0.00025162841389983736 -0.0005216664170420228 0.7916203216214458 0.6110130366393579
1351810000000 -1.545381087371609 5.306883448645383 0.045098736445214116 0.00022430958990670788 0.000276440996750392 0.79179017913957 0.6107930791059365
1352040000000 -1.559956222783586 5.3624345634289625 0.044942495657947334 5.33473486800872e-05 0.0004202341350511942 0.7917592951105674 0.6108330698016845
1352280000000 -1.5745035988549214 5.417999575071056 0.04503519370525172 -0.0001591139496002338 9.808871474965162e-05 0.7915767272070285 0.6110697587064543
1352510000000 -1.5890235110617463 5.473557573593382 0.04500935731839051 -4.437750527820374e-05 -7.381515379425626e-05 0.7914463382633824 0.611238649163683
1352740000000 -1.6011092679001349 5.519876103452524 0.045067200864598894 -0.00011688298334190768 -0.0004908197503094563 0.7915436676417522 0.6111124018137613
1352960000000 -1.615627300846907 5.575407431338188 0.04420010309503916 0.00015409067003891341 0.00022512666440416398 0.7917866650656086 0.6107976773026665
1353180000000 -1.6277701586644486 5.621680253811935 0.04506267582032614 -0.00037750543462007396 5.62772127880405e-05 0.7917602789252741 0.6108318222217096
1353410000000 -1.642324502883739 5.677254304834448 0.04502520394115206 -9.875517330650172e-05 0.0001685082569519536 0.7915551725439594 0.6110976768662156
1353630000000 -1.6568547256792556 5.732789165820591 0.0449218538466514 -5.247527809828169e-05 0.0004563094837556664 0.7914418458528558 0.6112442994916389
1353870000000 -1.6713579758054207 5.788395251080202 0.04418422363620633 -6.113537404747235e-05 -0.000522684701242645 0.791639344649517 0.6109884377515277
1354110000000 -1.685913657540046 5.8439379962604106 0.04503933420106518 -0.00013713198229572504 -0.00014051049060422702 0.7918195904149873 0.6107550226454656
1354330000000 -1.6980725015978135 5.890238337713086 0.04501710209411108 -3.281648097677689e-05 9.757803589698561e-05 0.7917605166997582 0.6108316245880999
1354560000000 -1.7126163084176882 5.945801946317265 0.045023889779778864 -7.381639758890575e-05 0.00017505347788439435 0.7915830550187645 0.611061560658645
1354780000000 -1.7247084951299438 5.992086205447827 0.04500824513585183 4.221232365431053e-05 0.0003608209635802747 0.7914453272942201 0.611239856300697
1355000000000 -1.7392325741935044 6.047671309592489 0.04504622437719863 0.00016479217465669566 1.0982659915754428e-05 0.7914013656336859 0.6112968601228519
1355230000000 -1.7538371072921821 6.103235202999817 0.04413713840563413 -9.79828854460043e-05 -6.654281395985012e-05 0.7914579167308814 0.6112236513874615
1355470000000 -1.7683083019628718 6.15882342993299 0.045018179490721344 -8.347430580743636e-05 0.00011992240512818005 0.7914669920619222 0.6112118938037039
1355700000000 -1.7803562299257312 6.205130969372973 0.04506388173341824 -0.0003830713630970768 8.54187980138039e-05 0.7912631711850383 0.6114756249321445
