1305650000000 0.2006420395259418 -2.3990937385854303 0.04507269108015774 -0.00044765708336339953 7.411632951565679e-05 0.8075741697565305 0.5897658471393166
1305930000000 0.20065108659878908 -2.3990592167913816 0.04502793701268534 -9.087715907921667e-05 0.00016196687251701625 0.8073624788807541 0.5900557543178422
1306220000000 0.2006950456805353 -2.3990283286382965 0.04494300234142837 -0.0004492866790716502 -6.353573401084481e-06 0.8071190382270326 0.5903885637718452
1306500000000 0.2007128238198401 -2.398988553998506 0.045064811427162454 -0.00038895752859085067 6.383812982725949e-05 0.8068764286046911 0.5907201313641453
1306790000000 0.20073470238924934 -2.3989422340075746 0.0450437455417915 -0.00019221376781045156 9.77705628879721e-05 0.8065953699063891 0.5911039356495269
1307070000000 0.2007599786746112 -2.3989078872082072 0.04409995052958754 -0.00022453907390485955 7.614902706313962e-05 0.806352100628084 0.5914357391942139
1307350000000 0.20078286908307336 -2.3988688807945286 0.045027932942381166 -9.054183960178293e-05 0.00016216452135720287 0.8061137113685963 0.59176063560226
1307620000000 0.20080837516835004 -2.3988340442321476 0.04500687151857993 -0.00015906388303574983 0.0001196049077467403 0.8059009972875234 0.5920502875299719
1307860000000 0.20083967415554935 -2.398808497727495 0.04507269093358951 -0.0004474696463998058 7.554127618371147e-05 0.8057004425367604 0.5923230461163059
1308090000000 0.200848845448171 -2.398774037698738 0.04502793072040204 -9.037439621397851e-05 0.0001622639986809164 0.8054874920239824 0.5926127451344411
1308330000000 0.20087437631764402 -2.398739285176887 0.04500687310830781 -0.00015894327155523757 0.00011973001840650879 0.8052743572895467 0.5929023274483468
1308550000000 0.20090566655544265 -2.398713851151037 0.04507269082859397 -0.0004474076059954511 7.601698930231302e-05 0.8050734140016633 0.5931750096856391
1308780000000 0.20089439430414827 -2.398678365765883 0.04506974642613337 0.00010762893225237247 0.0003303954806950778 0.804895908831139 0.5934159209203389
1309010000000 0.20094367159266757 -2.3986567867780826 0.04506480913560437 -0.00038875914270293765 6.528380777551056e-05 0.8046845278983158 0.5937024971864426
1309240000000 0.20095799052268845 -2.398623803759108 0.04409991627073695 -0.00022417151594974745 7.705187247497464e-05 0.8044711343770015 0.5939916983968051
1309450000000 0.2009918499699083 -2.3986020101191374 0.04494299322238887 -0.00044931564012653386 -4.092676718064914e-06 0.8043002458778725 0.5942229485466708
1309680000000 0.20099877240773326 -2.3985635449333027 0.04504372496511688 -0.000191727824536413 9.862233681459842e-05 0.8040868609946966 0.5945117942394177
1309900000000 0.2010140421722043 -2.398537882222386 0.045027924611369397 -8.995640235962215e-05 0.0001625146691577476 0.803916523483676 0.5947421195499341
1310120000000 0.20103963666832647 -2.398503340518883 0.045006876016471103 -0.00015864696672181723 0.00012003301837373284 0.8037023251211588 0.5950315395153922
1310350000000 0.20107090628697338 -2.3984781889042326 0.045072690441354396 -0.00044725350541732225 7.720796224173289e-05 0.8035003985229273 0.5953040429702537
1310580000000 0.20105980339090063 -2.398442548998493 0.04506972074483115 0.00010843472401952496 0.00033001476558117783 0.803322006634521 0.5955448203022604
1310820000000 0.2011090047805415 -2.398421444796664 0.04506480714209496 -0.00038861853420381885 6.632002544644526e-05 0.8031095651275202 0.5958312437074567
1311060000000 0.20112340809951285 -2.398388568088216 0.044099888614192145 -0.00022384402449696376 7.783769449924519e-05 0.8028950906250316 0.5961203043726732
1311290000000 0.20112607335499402 -2.3983486054727736 0.04506970993417192 0.00010875489498455048 0.000329859862728396 0.8026902420370777 0.5963960552378775
1311510000000 0.20117524507923795 -2.3983276917190324 0.04506480625974296 -0.00038856255568001135 6.673539268516609e-05 0.8024773712624595 0.5966824223799627
1311750000000 0.20118968254724964 -2.398294857904293 0.04409987778280974 -0.00022370745737922306 7.816071015288865e-05 0.802262459327907 0.5969714316439401
1311980000000 0.2012235311892167 -2.3982734853784167 0.04494298411609504 -0.0004493353347619117 -2.319641838629933e-06 0.8020903833533741 0.5972024908056007
1312210000000 0.2012306204199036 -2.3982350606716456 0.04504370621374179 -0.00019129035144866297 9.93848213228658e-05 0.8018754840804905 0.5974911393161726
1312440000000 0.20123521665889565 -2.398210134851139 0.044955758030800874 -3.676790013140335e-05 0.0004270608163762709 0.8016717981806585 0.5977642882181653
1312680000000 0.20128986627389164 -2.3981801161412117 0.044942981182245795 -0.00044934049188139424 -1.8106126156804665e-06 0.8014561297677655 0.5980534007490625
1312910000000 0.20129700374142093 -2.3981417033481787 0.04504370072366065 -0.00019116316466126886 9.960571090868745e-05 0.8012407914199096 0.5983419989438681
1313140000000 0.20131235745513051 -2.3981162541811534 0.0450279115695183 -8.920613160895365e-05 0.00016297339562971395 0.801068914968137 0.598572100046193
1313360000000 0.20133807268576684 -2.3980820944209427 0.045006877298773174 -0.00015813331107805887 0.00012054242824935595 0.8008527582855647 0.5988612694187041
1313580000000 0.20135564599762343 -2.3980615473407436 0.04409985133578373 -0.00022335134592301083 7.8991107840075e-05 0.8006752722524368 0.5990985330294738
1313820000000 0.2013585153483669 -2.398021537201099 0.04506966951033217 0.0001098650218804722 0.0003293054523200953 0.8004689935995473 0.5993740649822314
1314060000000 0.20140758659408753 -2.398001292183615 0.045064802764571366 -0.0003883678890330932 6.819367464668947e-05 0.8002545977262834 0.5996602565936398
1314280000000 0.20142214605704925 -2.397968609654986 0.044099841089125874 -0.00022320227498397971 7.933380936456585e-05 0.8000381323528967 0.5999491067317128
1314540000000 0.2014250749669265 -2.397928585705718 0.045069657131612345 0.00011017874666862831 0.0003291433245524602 0.799831439285373 0.6002245815159558
1314770000000 0.20147411846531552 -2.3979085323530294 0.045064801639640134 -0.0003883126343753315 6.861180685883992e-05 0.7996166014082629 0.6005107286785285
1315000000000 0.2014887135494125 -2.3978758934205726 0.04409983095777001 -0.00022304953927037834 7.968197807837915e-05 0.7993996860932746 0.6007995387595262
1315230000000 0.20149170237612574 -2.39783585580519 0.04506964441377223 0.0001104911352762648 0.0003289796108402307 0.799192576127184 0.6010749585761496
1315500000000 0.20154071852022576 -2.3978159945340116 0.04506480046119524 -0.0003882575287054072 6.903053306511632e-05 0.7989772935226036 0.6013610636931627
1315760000000 0.2015689839275713 -2.3977794526360725 0.04507268813138174 -0.00044680041355131956 8.079767935095465e-05 0.7987335337933785 0.6016847478830316
1315980000000 0.20155839857485205 -2.397743348211447 0.04506963136364764 0.00011080219834542549 0.00032881432875142254 0.7985523957749799 0.6019252036640848
1316210000000 0.20160738778083806 -2.3977236792729206 0.045064799230763064 -0.0003882025890988752 6.944984335828613e-05 0.7983366654883085 0.6022112694167037
1316460000000 0.20162205479425085 -2.397691128126923 0.04409981109494482 -0.000222733315212086 8.039444747451595e-05 0.798118841655432 0.6025000070715308
1316700000000 0.20162516457740404 -2.3976510632862427 0.045069617981088966 0.00011111190593868553 0.00032864748516631294 0.7979108896197866 0.602775324537373
1316930000000 0.20167412728833747 -2.3976315871262552 0.04506479794807711 -0.0003881478144246884 6.986973249351358e-05 0.7976947087444384 0.6030613535127418
1317160000000 0.2016888307039823 -2.3975990809476073 0.04409980136467448 -0.00022256998056404935 8.075842146456888e-05 0.7974764262765983 0.6033500588164273
1317400000000 0.2016920016425082 -2.3975590038381265 0.04506960430297055 0.0001114203048595204 0.00032847922208252285 0.7972680491132931 0.6036253287843379
1317620000000 0.2017301346982863 -2.3975402848612846 0.04504366356053072 -0.00019031030145087412 0.0001010801524064736 0.7970834529346814 0.6038691270652257
1317850000000 0.2017349811997588 -2.3975153192058145 0.044955873375897376 -3.376292733140406e-05 0.0004270051153570781 0.7968766216537944 0.6041419256998573
1318080000000 0.20178952318911056 -2.3974869186052743 0.0449429541980734 -0.00044937171421700846 2.0476086504436275e-06 0.7966575942235561 0.6044307037426253
1318300000000 0.20180273176861876 -2.3974576587332526 0.04507268643353868 -0.0004465940188403469 8.248239116042507e-05 0.7964837313736044 0.6046597881516662
1318530000000 0.2018125438393438 -2.3974235141962317 0.045027883521357864 -8.79613685614988e-05 0.0001637652220253029 0.796264330420481 0.604948825557809
1318750000000 0.201838482070906 -2.3973899998042616 0.04500686702864329 -0.0001573428014706023 0.00012128061996505132 0.7960447871177615 0.6052376867288518
1318990000000 0.20186968054584506 -2.397366228629289 0.04507268587660773 -0.0004465356747693423 8.29648716028307e-05 0.7958379009451125 0.6055095615611686
1319210000000 0.2018594128646489 -2.397329849816525 0.04506956858801309 0.00011218522065144751 0.0003280514784901822 0.7956550527095534 0.6057498798138237
1319430000000 0.201908286595342 -2.3973110524680346 0.04506479303996269 -0.0003879574188015368 7.134402690156415e-05 0.7954372712805704 0.6060358008045328
1319650000000 0.2019024565014536 -2.397286525327268 0.04495591527582485 -3.2774048989175416e-05 0.0004269757650548125 0.7952615525937715 0.606266343766254
1319880000000 0.2019569691771996 -2.3972586714642454 0.044942943220160264 -0.0004493791461331652 3.3489976021190158e-06 0.7950413682158008 0.6065550435638255
1320100000000 0.20197024429096788 -2.397229511984297 0.04507268497967831 -0.0004464486762121206 8.368959512423185e-05 0.7948665965931602 0.6067840532677483
1320330000000 0.20198017426891487 -2.3971954266796005 0.0450278723807874 -8.75477437827254e-05 0.00016403641102750126 0.7946460210124673 0.6070730324404976
1320550000000 0.20200619233146555 -2.3971621314118905 0.045006860173373575 -0.00015709726298111811 0.00012149591908117129 0.7944253124237473 0.607361822589816
1320780000000 0.19959654559144932 -2.388283651538364 0.045031242417833794 -0.00011797245895119057 0.0001557477128640932 0.7942826154265238 0.6075484249476333
1321000000000 0.18382371931580194 -2.329930932651968 0.04497097185391449 -5.986717959279882e-05 0.00032726296153507816 0.794113300320673 0.6077696566699291
1321230000000 0.1632612732134566 -2.2538685472813342 0.044183568626834646 -5.724952360910576e-05 -0.0005202146530916144 0.7941899394700386 0.607669372392408
1321460000000 0.14608833084592385 -2.1905372857364127 0.04497149872866002 -0.00030290277714821624 -0.00024414221787705205 0.7942750510799543 0.6075582209767398
1321690000000 0.12552375104182603 -2.114507902384958 0.0450713323803211 -0.0004443012056587087 9.346035481883877e-05 0.7940917040951189 0.6077977947877985
1321920000000 0.10498182111395093 -2.0385054899492423 0.045055729017955376 -0.00020564742792580405 0.0004016767556501155 0.7940211642816242 0.607889946485195
1322140000000 0.08785835023825024 -1.9751295314117059 0.0441832064887874 -4.704200295253388e-05 -0.0005154203375382234 0.7942212701964185 0.6076284276566669
1322380000000 0.06873351368677583 -1.9044728658894463 0.045059067620995485 -0.00042228846112236625 3.525196539138318e-05 0.7943504230220412 0.6074596495854344
1322610000000 0.05264921383676382 -1.8451721674475416 0.04501930142245231 -8.300249876318201e-07 0.00019706974576725578 0.7944814596472158 0.6072883758476327
1322850000000 0.03761907740668423 -1.7897003035624126 0.04485210434367651 -0.00010401184424752973 -0.00048527685973271897 0.7943084411894662 0.6075144886692548
1323080000000 0.02256119492870202 -1.7343537216710863 0.044935452301101825 -0.0001174676471653934 0.00033585411936077665 0.7942976484519421 0.6075286981427934
1323310000000 0.007546818806343626 -1.6789330755538354 0.0441507013003892 -5.536634740640859e-05 2.9170290352907424e-05 0.7945111270080714 0.6072495904848565
1323520000000 -0.005021097879894193 -1.632768265707435 0.04506506400575047 -0.00047358878353079547 4.83937697394468e-05 0.794628287618593 0.6070960862071587
1323750000000 -0.020139232733954376 -1.5773403039447607 0.04417307191444514 0.0004429626127748814 0.00018638756055534115 0.7944357466289095 0.6073480168091177
1323970000000 -0.03267040848878064 -1.531143032980003 0.044131663929803194 -2.6493712469045592e-05 6.721361915952806e-05 0.7942778046460114 0.607554741424281
1324200000000 -0.04769764134522067 -1.4756997363995112 0.04501880603355515 -0.00014992731959667763 -3.929697805653913e-05 0.794305179089317 0.6075189367002762
1324420000000 -0.060271583269132324 -1.429514095635324 0.04503247986708983 -0.0001368508969322099 0.0005452397586249807 0.7943606619668314 0.6074461479876669
1324660000000 -0.07532510520653359 -1.3740737879978273 0.04496761134421984 0.00012485131031082897 -0.00010264844191248101 0.7944719046941702 0.6073008863216528
1324890000000 -0.09035461080139609 -1.318665011195101 0.045024167040080526 -3.9774919346451684e-05 0.0001260989174648071 0.7944870256918647 0.6072811116149696
1325110000000 -0.10537196487557239 -1.2631766529471906 0.045025480993399564 0.0001180129345123058 -0.00010533421536859567 0.7944386257495931 0.6073444203207503
1325330000000 -0.11790811886309982 -1.2169834373825508 0.04501164763159582 -2.3834123093104343e-05 -2.972667648370827e-05 0.7944084297308893 0.6073839356788766
1325560000000 -0.1329763675034374 -1.1615350019463624 0.04506762710598136 -0.00027289621950026894 -0.0002731429944515418 0.794532694435854 0.6072212515986735
1325780000000 -0.14554416904256554 -1.1153616699509443 0.04504366555641234 -0.00015071845907077907 -0.00013062510146890388 0.7946595528516156 0.6070553148459366
1326010000000 -0.16064372956392833 -1.0599296885603455 0.04503453530440793 0.00010446660332730829 -0.00015633120571216766 0.794646875802496 0.6070719128938643
1326240000000 -0.17576197360910562 -1.0045228743348225 0.04418593259336895 -0.00029233854492227094 0.0003133281097821965 0.7946145624241904 0.6071140861049786
1326460000000 -0.18830412546546474 -0.9583203058649816 0.04404563054571711 9.378172296880983e-05 -0.0001312954440316119 0.7947146659818947 0.6069831740993983
1326690000000 -0.20345293331030553 -0.902906699320441 0.04500197026889327 -0.0007228496566356912 -0.00037350294168868715 0.7948352198440264 0.6068247780697693
1326910000000 -0.2186023422239187 -0.8475149965005835 0.045010159058181315 -0.00011069998845039978 -3.287214155000617e-05 0.7948870588998065 0.6067574064307335
1327140000000 -0.2312221963756859 -0.8013779916275642 0.04506985925286644 -0.00017159012935829326 0.00022998995241663029 0.7949400879114136 0.6066878722150654
1327360000000 -0.2463397346534334 -0.7459392123896402 0.045026503674783586 -9.383213144259537e-05 0.00016877538153118704 0.7948236433229285 0.6068404557420906
1327590000000 -0.2614442999461114 -0.6905187380950355 0.045009067051375085 -4.163517970099262e-05 4.252099352137405e-05 0.794636977592402 0.6070848954646205
1327820000000 -0.27405463776965316 -0.6443997207939247 0.04505605819709824 -0.00018859366290445827 0.0002931222442920459 0.7947520389945151 0.6069341603714866
1328060000000 -0.28912068264853896 -0.5889631439664959 0.04500669828789461 2.84259935376432e-05 -0.00021150917460694652 0.7949386565595451 0.6066897780275662
1328310000000 -0.3068028144382214 -0.5243507169711521 0.04493185219540119 -0.0003801746751803851 -5.188506279556958e-05 0.7949746057412863 0.6066425875271559
1328550000000 -0.32198919229645995 -0.46895016096310943 0.04496541345675775 -1.0387644938893846e-06 0.00037163769505311746 0.7947914662495035 0.6068825150400273
1328790000000 -0.33706176387296183 -0.41351029504073866 0.04505790973694937 0.00013412004984561288 -9.267160679969034e-05 0.7946349132660617 0.6070875785604777
1329030000000 -0.35221515901071837 -0.3581622865841763 0.044989810643426165 -0.0005495575035498627 0.00026572347739505615 0.7947159215689948 0.6069812446709758
1329280000000 -0.3673254658228945 -0.3027314003235162 0.04494266661398588 -0.0003336814475160714 -0.00017046097554826412 0.7949140114281587 0.6067219907296427
1329520000000 -0.382482210044177 -0.24735428844915472 0.04506332240815614 -0.0003833623743196969 5.8128884839100593e-05 0.794899714265289 0.606740713909397
1329770000000 -0.3976081643007993 -0.1919327163859603 0.04502491338984865 -9.926766496640133e-05 0.0001650994774212659 0.794696531456585 0.6070069075216246
1330010000000 -0.4127249879968416 -0.1365410008574546 0.04492419911084544 -6.243466498723464e-05 0.00045215675045305495 0.794619739067818 0.6071072903037638
1330250000000 -0.42782941472221536 -0.08110772321665971 0.04418348030248931 -4.6266498603497114e-05 -0.0005329565083434935 0.7947382988716417 0.606952016326975
1330480000000 -0.44296412627075327 -0.02570419619868331 0.044149112230919246 -6.0667424629772425e-05 -0.00017982096062598213 0.7950098091756566 0.6065965440870661
1330710000000 -0.4581558346802369 0.029674354115325173 0.04506673543481271 0.00013850689530900577 0.0003055908252361297 0.7949591403840558 0.6066628821264165
1330940000000 -0.4707462513077716 0.0758468974082835 0.04504305856538429 -0.00019138098749422298 0.00011839178778848118 0.794791288829535 0.6068828194613758
1331160000000 -0.48584875395315424 0.13126586267598175 0.04407048440603653 -0.0003231966650754485 8.553511751002142e-05 0.7946440515941834 0.607075546776215
1331400000000 -0.5009604166911978 0.18668316619167485 0.045058695763227796 0.00014978151088938357 -1.3181274938713152e-05 0.7946896391967473 0.6070159427437605
1331620000000 -0.513624410476774 0.23285010163292746 0.0450062612961698 1.1097281735852436e-06 -0.00014567179874976554 0.794782393852815 0.6068944926427365
1331850000000 -0.528733915205361 0.28829748059881544 0.045055999284958126 0.00015432660867500424 7.146586249611317e-06 0.7948042624549335 0.6068658505103851
1332080000000 -0.5437810322029533 0.34368836884868953 0.04506373458311605 -0.00038970994812022883 7.86541461316794e-05 0.7945539816390279 0.6071933894577979
1332310000000 -0.5588621270524702 0.3991300212148748 0.04500478562517812 -9.818135894201776e-07 3.0280863229545043e-05 0.7943791913434404 0.6074221756263491
1332530000000 -0.5714074244813762 0.4453298764044883 0.0450665512157537 -0.0002563536555078927 -0.0002635050405291316 0.7944652666044898 0.6073094804191301
1332770000000 -0.5865607936247466 0.5007225907241634 0.04504578264003009 -0.00018011950986144325 0.0002647525419877663 0.7945296753830584 0.6072252402517089
1332990000000 -0.6016602310304309 0.5561595324206196 0.045041321730893064 -1.338853567476149e-05 0.0001719944971516619 0.7946406002533758 0.6070801319987296
1333220000000 -0.6142174920638854 0.6023488761358471 0.04504320222973934 -0.00016164185349786987 0.00011252600438985965 0.794482266856909 0.6072873198575094
1333440000000 -0.6292730358938066 0.6577825048418242 0.04496681576905026 -4.015106913514186e-05 0.00034402083864728807 0.7942965653291124 0.6075301197010147
1333670000000 -0.6443436597081074 0.7131977598674826 0.04501760385143386 -7.566065585099117e-05 -8.521189305131602e-05 0.794411186632385 0.6073803203658514
1333900000000 -0.656907940970494 0.7593665921244376 0.04501859172059816 -9.942776170806587e-05 -4.650494615835472e-05 0.7945582058087636 0.6071879820396386
1334140000000 -0.6719572833533943 0.8147881709952269 0.04413438390653915 -0.00012873795119754767 0.00010517840750158523 0.7946876311558407 0.6070185674688716
1334370000000 -0.687068821922693 0.8702263233320225 0.045066360563512375 0.0001471057150263394 0.00031908860166125866 0.7945315609856306 0.6072227557825136
1334600000000 -0.7020902515085685 0.9256479356825544 0.045052312601988526 -0.00035889527729107056 3.318257403904613e-05 0.794330010002153 0.6074863828128794
1334840000000 -0.7171760043295339 0.9810574481648761 0.044932696584014054 -8.783199114125358e-05 0.00035050330420248373 0.7944282439488385 0.6073579131363483
1335060000000 -0.7296732699656356 1.0272852619532178 0.04506508487765348 -8.300934427547489e-05 -0.0005133177767964461 0.794579232510199 0.6071602530451183
1335280000000 -0.7447385704229981 1.0826951009852979 0.04508728122552352 -0.00030431742847485306 -0.00018272349059986716 0.7946955817870701 0.6070080776160552
1335510000000 -0.7597670315735309 1.1381258954926674 0.04494093966930526 -0.0004332119814325781 4.3885113580403774e-05 0.7945000073671239 0.6072639860020649
1335730000000 -0.7722970965791071 1.1843219636046745 0.04506827824258827 -0.000463496779872979 7.847494451112066e-05 0.7943227179659295 0.6074958425665453
1335960000000 -0.7873609148676517 1.2397584050025998 0.045042133695947756 -0.00014381730373924407 0.0002832062076174642 0.794250563038334 0.6075902749584764
1336180000000 -0.7999258753309855 1.2859576649681534 0.04508726473257643 -0.00047627962507418276 7.344317138612122e-05 0.7943497273399698 0.6074605159504072
1336410000000 -0.814960770642505 1.3413882726631026 0.04492692201090426 -5.79646544957166e-05 0.00036494447168013394 0.7943563035366498 0.6074519952121493
1336630000000 -0.8299933999854366 1.3968429807550393 0.04506261660086902 -0.0003597289927309188 5.2926839055697854e-05 0.794514445150276 0.6072451434481385
1336850000000 -0.8425544336314151 1.4430396657000402 0.044994302133247094 -0.0001611882096161638 4.0649526940141115e-05 0.794353031591052 0.6074563635094148
1337080000000 -0.857574539922054 1.4984509872443577 0.0450273219248174 -1.90951088669415e-06 0.0001290886106138335 0.7941886787376162 0.6076712317507582
1337310000000 -0.8726254943802155 1.5538687196682468 0.04496816430605269 -7.812703816870289e-05 0.00020646907948117038 0.7943795731742489 0.6074216369130948
1337530000000 -0.8851478367125911 1.6000580765846344 0.04504869647945814 0.0002688111515565969 2.2724334221345394e-05 0.7944275904410061 0.607358815503872
1337760000000 -0.9002230908360137 1.655460653460432 0.04501626211740939 -3.1322466084530626e-05 9.6250606089653e-05 0.79444050597612 0.6073419730424783
1337980000000 -0.9127686006415163 1.7016617449824327 0.04506200175480013 0.00014499059580416784 0.00029818645882612773 0.7942994426829163 0.6075263660255179
1338190000000 -0.9277530990182055 1.7570689403592499 0.04500917674284166 3.359790342758635e-05 0.0004030624246366673 0.7941281071637818 0.6077502660010377
1338420000000 -0.9402858395604494 1.8032686606434634 0.04504700014507387 -0.000164642403702451 0.00025414187826007924 0.7941900654565883 0.6076693576566492
1338640000000 -0.955308366472501 1.8587317804166215 0.045054229525973544 -0.0002334993429674918 -0.00018529301996821822 0.7942463078200638 0.6075958473020945
1338860000000 -0.9678588984154027 1.904931251296443 0.045034145118809266 6.414356103667605e-05 -0.00028117663713882543 0.79435392405716 0.6074551507397842
1339090000000 -0.9829285638934704 1.9603241519964394 0.04501293738237461 0.00012152215826206106 8.714779702334358e-05 0.794391514990182 0.6074060409225696
1339320000000 -0.9979547976221347 2.0157538806664395 0.044970667430238725 -9.034509343682547e-05 0.00037318122922029145 0.7941872615816831 0.6076729762914601
1339550000000 -1.0129801101065425 2.071185772430479 0.045017336322492274 -9.604231405094989e-05 -4.2695817678079654e-05 0.7940866952982641 0.6078044992456233
1339770000000 -1.0255405859409157 2.117385249629985 0.04414234156220581 -0.00011302289963221085 -4.928884120225352e-05 0.7941316352726273 0.6077457779825849
1339990000000 -1.040555491947264 2.1728032175139025 0.04504207532570195 -0.0001469601186428646 0.0003263103374987117 0.7942817574527814 0.607549472637421
1340210000000 -1.0530714292407815 2.2190263207970933 0.04507003793035419 0.00015945326637777286 0.0003220839735104134 0.7942041331472584 0.6076509406957105
1340440000000 -1.0680427512122688 2.274469626680059 0.04503833747547256 -0.00018464388766987398 0.00012653743125293858 0.7940111775046522 0.6079031171926896
1340660000000 -1.0805355221181965 2.3206669104470454 0.04489695408107894 7.512253756013634e-05 0.00044747823449151514 0.7938949061924452 0.6080548265095201
1340890000000 -1.0955840433507311 2.376091274456872 0.045068653808230996 -0.000319335681883797 0.0005939026521663901 0.7939007567012233 0.6080469832287526
1341110000000 -1.1105538783043616 2.431570044048177 0.044165938322991094 -8.239517750797053e-05 -0.00020838859503529225 0.7940121873457042 0.6079017980987705
1341340000000 -1.1230373710994603 2.4777719359083905 0.04413578177653901 -2.4123396268265023e-06 6.936436907834483e-05 0.7940158341077844 0.6078970721831818
1341560000000 -1.1379735241819295 2.533221295423503 0.04493932217499105 -0.00043865538811284604 1.9067307070638155e-05 0.7938364765868272 0.6081311171598607
1341790000000 -1.1529191416392537 2.5886858920373923 0.04507572906810303 -0.0003618467546237761 -8.79411662065567e-05 0.7936866057122974 0.6083267487511702
1342020000000 -1.1653500433104782 2.634888887420329 0.045068732141458484 -0.0002629616542940897 -0.00026620428959585644 0.7938013424299222 0.6081770208935042
1342240000000 -1.180380669948739 2.6903224936798833 0.045044379146727764 -0.00017609877593272226 0.00027466481112029694 0.7938566008435328 0.6081049176298564
1342460000000 -1.1928548753853674 2.736527480072255 0.044970339190152225 -9.902273968617097e-05 0.00034738868778900215 0.7939162815186439 0.6080269792165526
1342690000000 -1.2077713361009008 2.7919919208657 0.044941770701317635 -0.0004384418010811394 9.706030815978868e-06 0.7937277840770242 0.6082729752822801
1342920000000 -1.2226786668230052 2.8474875941263194 0.04505662619994419 -7.262676667806059e-05 -0.00038190954983759125 0.7935262219018951 0.6085359348670816
1343140000000 -1.2351059525779557 2.893689453022567 0.04501862471429721 -0.00013475320871532003 -4.80934906470509e-05 0.7935423091251371 0.6085150640345186
1343360000000 -1.2500721314501186 2.949161283026208 0.04502549283190649 -0.0001695335845247213 -1.573888505545313e-05 0.7936189687917131 0.6084150749156608
1343580000000 -1.2624809091968257 2.9953741438157597 0.04504286274877645 -0.00012585658142964907 -0.00014846540802501668 0.7936994376569101 0.6083100893304731
1343810000000 -1.2773118026562609 3.050858242447662 0.04507094553624008 -0.0004396091000054 0.00010117840879799914 0.7935255177461816 0.6085368100554174
1344030000000 -1.2921720767181653 3.106339649514255 0.04501813686935188 -0.00011569321483410642 0.00014778250102183863 0.793301429932788 0.6088290450052513
1344260000000 -1.3045607609157222 3.152581786513062 0.044127918290394336 -2.587720352170884e-05 -0.00014388100891305053 0.793333696959484 0.6087870102894961
1344490000000 -1.3194092893579317 3.2080452050454977 0.04500954720795197 2.9122857653813844e-05 -0.00018780504551694013 0.793509098043344 0.6085583580919437
1344710000000 -1.3342837164324273 3.263534591924881 0.04502107831139035 0.00019804398831609816 -3.568688008251558e-05 0.7936465037043875 0.6083791471301649
1344940000000 -1.346657832420863 3.3097639884294328 0.04497556943558065 -0.00010238871273926889 0.00038836736754526585 0.793504546285865 0.6085641902963098
1345170000000 -1.3614695807497845 3.3652415485744873 0.04493823991853485 -0.00046141593198615976 2.2741721509606067e-06 0.7932748252824281 0.6088635632580577
1345390000000 -1.3763363080252464 3.420752077427332 0.04501177641131132 -0.00010600434872405604 -6.752504856029742e-06 0.7931776570173417 0.6089903062660046
1345620000000 -1.3887132476061963 3.466971654420921 0.04508706683045091 6.744217449113547e-05 0.00033445832472629944 0.7933068568565744 0.6088219070085479
1345850000000 -1.4035721992807733 3.5224878595690186 0.04413256915197494 -7.797106245023772e-05 -3.808691836124368e-05 0.7932843593587967 0.6088513099818408
1346080000000 -1.4184441328084074 3.5779602171005402 0.0450674586082134 0.00013977616015750958 0.00030486890124445094 0.793211695091153 0.6089458878161488
1346310000000 -1.4332249061216347 3.6334488362829895 0.04506241912351508 -0.00040170936477824227 7.326688956513279e-05 0.7930099793726626 0.6092085077187601
1346540000000 -1.445551009516739 3.679692939506587 0.04409356842669346 -0.00017964304689281786 0.00013733896998399924 0.7928798015747802 0.609378018245752
1346770000000 -1.4603444521444826 3.7351432726753147 0.04502411367337414 -0.00012558882983174219 -6.846670276174228e-05 0.7930397715421564 0.6091698451927184
1347010000000 -1.4751717761586032 3.7906484366003914 0.04501357112536994 -9.687656785047622e-05 -4.512203292971988e-05 0.793132477404258 0.6090491456898343
1347230000000 -1.4900047314984732 3.8461383717085873 0.045010820043754673 3.1806802288777805e-05 9.219158508519747e-05 0.7933016560858449 0.6088287714460405
1347460000000 -1.5023542533222192 3.8923804356381857 0.045063839748587076 -0.00038371989250740845 7.254318921785749e-05 0.7931558174230777 0.6090186341849152
1347680000000 -1.5171676340659457 3.947914200599557 0.04492236295292032 -0.00011631485354465397 -0.0003547738018060878 0.7929807865724399 0.6092465287002945
1347900000000 -1.5295006929753387 3.9941510859315015 0.045066962988527554 -0.00025450608920576966 -0.0002602211202055163 0.7930941658936295 0.6090989341126016
1348140000000 -1.5443277836768854 4.049615656902332 0.04510647643991875 -0.0004950412927807631 -0.0001711868352664248 0.793017728659881 0.6091983319579177
1348360000000 -1.5591194523843728 4.105133172899001 0.044984200598059215 -0.000165014827545756 -0.0002715395497652979 0.7928830441687831 0.6093737583011128
1348600000000 -1.5738359781725024 4.160627985015792 0.04507185536301611 -0.0004433045268104991 9.409224125544781e-05 0.7926614730596688 0.609661860177117
1348830000000 -1.5885498842080668 4.216150797336653 0.04501594081063093 0.00016272795116937865 -0.0001579666025720296 0.7924799716852666 0.6098978955889955
1349060000000 -1.6008021877627474 4.262387843058639 0.044920304506675335 -0.00036502787701541903 -0.00020578257257468073 0.7925324971776859 0.6098295379247244
1349300000000 -1.6155123103623261 4.3178938639278535 0.0449692401211054 0.0002543483494238696 0.00014796116947342672 0.7927404056648829 0.6095593183937771
1349520000000 -1.6302403074950524 4.373379608527721 0.044925499522339374 -0.00045729997503235297 -2.2591231367753814e-05 0.792879076114894 0.6093788321114881
1349760000000 -1.6450067965993571 4.428904451891968 0.04506622917093436 -0.00035568223499602 6.00800327997926e-05 0.7927144752273274 0.6095930040983084
1349990000000 -1.659736985163588 4.4844245180362 0.04500013145228182 0.0001693868503650825 -9.186317555044817e-05 0.7925338794620166 0.60982785503299
1350210000000 -1.6719933864659084 4.530658628364349 0.044137483139600864 -0.00012737327649091015 -3.683886671087303e-05 0.7925178943683951 0.6098486447675617
1350440000000 -1.6867308698645687 4.586194432407302 0.04502248337633741 -0.0001502048417341494 -4.452242708008486e-05 0.7925153606948322 0.6098519316350479
1350660000000 -1.6990010613676607 4.632460103071435 0.04504207788368486 0.0002208372944616745 2.824923210150582e-05 0.7926170795369915 0.6097197025347965
1350890000000 -1.7137074693350616 4.687981649796995 0.0450579047299586 -0.00031216167990815553 6.197800198741191e-05 0.7924707314075387 0.6099098610255563
1351120000000 -1.7283735527640718 4.743511766169047 0.04410145848406466 -0.00019285451582577116 0.00015796868166109143 0.7922500232872818 0.6101965572291708
1351350000000 -1.7430496680464094 4.799042791764397 0.045014959234721735 -8.890778524751432e-05 -4.145754259466044e-05 0.7923012124223616 0.6101301329804436
1351580000000 -1.7552491199148879 4.845326475570699 0.04418301058522309 -4.606956747750043e-05 -0.0005333755801355105 0.792446788242442 0.6099408177785153
1351810000000 -1.7699727761281145 4.900829734835998 0.04501767616962704 0.00019824072188731333 -1.6608042386981434e-05 0.792618680392566 0.6097176296594486
1352040000000 -1.7846992913050372 4.956357915095508 0.04418662651278585 0.00022599896246089604 0.00030357410872843335 0.792478857625021 0.6098992678996844
1352280000000 -1.79935671321499 5.011879122986016 0.04410011837771888 -0.00017092202356955467 0.0001834907014787185 0.7922822646601789 0.610154693681662
1352510000000 -1.813994209892134 5.067416903580347 0.04494806845335381 -0.000391315298976009 -9.276530358132562e-05 0.792208980572884 0.6102497598251122
1352740000000 -1.8262398611522102 5.113676512251228 0.04495682476896884 0.00030835095599679923 0.00027986465803249135 0.7922978878104043 0.6101343160047902
1352960000000 -1.8409042622765759 5.169197331401434 0.04500770898030543 -6.3776682434221e-05 -2.5145169008061815e-05 0.7924235308144011 0.6099712641689715
1353180000000 -1.8530962816551737 5.215483431420299 0.044982709879535565 -0.00013176761356886079 0.00036517038593252975 0.7923325518176697 0.6100893185575249
1353410000000 -1.8676940550582295 5.271016562683392 0.04494050192108545 -0.0004563954837814946 6.579563386422042e-06 0.7920949150880098 0.6103977696155108
1353630000000 -1.8823378199688965 5.326540329479291 0.04504424567365567 -0.00012414074674096557 0.0003721585995725421 0.7920070598558187 0.6105118043294442
1353870000000 -1.8969608016973103 5.38210118286352 0.0450107097632271 2.011685479283946e-05 -0.00017441710682586243 0.7922013111149032 0.6102598232243487
1354110000000 -1.9115842791134505 5.437627601925295 0.04495987325624734 0.0001416897408394712 0.00021658534849412168 0.7924258216588033 0.6099682370281049
1354330000000 -1.9238171358529406 5.483891064709013 0.04413550594333976 -3.822293321578319e-06 6.457820837566754e-05 0.7924891907342743 0.6098859552280085
1354560000000 -1.9384742623264224 5.539415148152499 0.04493964586229843 -0.0004383239184939872 2.1498068570182227e-05 0.7923065865711708 0.6101230042261279
1354780000000 -1.9507029822087414 5.585685384218091 0.04505972463286495 -6.317822139162814e-05 0.00031067221833780726 0.7921788159795161 0.610288966805543
1355000000000 -1.9653668651878506 5.641230121889161 0.04503856306404189 0.00020279052489163168 3.074832532734996e-05 0.792151528742092 0.6103244329388349
1355230000000 -1.9800115489474466 5.696749610381674 0.04501738881902054 -0.00010693184848399263 -5.3508551613091965e-05 0.7922866332278318 0.6101490608948947
1355470000000 -1.9946842559164961 5.752268515263596 0.04497548441498275 -0.00010456525410163958 0.00035407107838838857 0.7923875521754645 0.6100178938827573
1355700000000 -2.006894867450991 5.798553699346524 0.04505657888464468 -0.00026944531994835453 4.4092817225253944e-05 0.7922392136927495 0.6102105814737538
