1305650000000 0.0006292450794970737 -2.7991236617132866 0.04494300398288584 -0.0004492796999710688 -6.853269534580709e-06 0.8077420738222851 0.5895358685254513
1305930000000 0.000635911670155575 -2.7990851369305747 0.04504375303100838 -0.00019239230625550728 9.745637610857668e-05 0.8075309995851933 0.5898250911892386
1306220000000 0.0006611654598196709 -2.799050661049471 0.04409996808809835 -0.0002247127991684065 7.571368245854862e-05 0.8072884411822256 0.5901570269895704
1306500000000 0.0006840112298049672 -2.79901155174882 0.04502793604144767 -9.07932744657839e-05 0.00016201612439804716 0.8070507433322701 0.5904820600104517
1306790000000 0.0007279667722838599 -2.7989807430340634 0.04494300146907221 -0.000449290094322576 -6.10336406285084e-06 0.8068070660168212 0.5908148240578336
1307070000000 0.0007457591800952021 -2.798940996010041 0.04506481113491226 -0.00038892908133504085 6.404431013533915e-05 0.8065642204520428 0.5911463464482247
1307350000000 0.0007737394740643503 -2.798903361545965 0.045072691010375865 -0.0004475319091963165 7.506593500871901e-05 0.8063262391745417 0.5914708700341338
1307620000000 0.000772037912270966 -2.798869818566596 0.04495566363629444 -3.962225715108966e-05 0.0004270699265353919 0.806081997512584 0.5918037084434983
1307860000000 0.0008268146212834762 -2.7988383108164743 0.04494299864213083 -0.0004493000462185574 -5.35125279088209e-06 0.8058693192940561 0.5920932682621611
1308090000000 0.0008336198279787405 -2.7987998179193343 0.0450437379298399 -0.0001920332413978954 9.808757530742079e-05 0.8056569950820031 0.5923822750365674
1308330000000 0.0008380276321980861 -2.798774923500474 0.04495567638273254 -3.921168779178961e-05 0.00042707119671713813 0.8054557162036019 0.5926558067779131
1308550000000 0.0008743763176446259 -2.7987392851768855 0.04500687310830781 -0.00015894327155527128 0.00011973001840644268 0.8052743572895456 0.5929023274483483
1308780000000 0.0009056665554432308 -2.7987138511510357 0.04507269082859394 -0.0004474076059954811 7.601698930225822e-05 0.8050734140016621 0.5931750096856406
1309010000000 0.0009148798108860579 -2.7986794119770946 0.04502792837235786 -9.020709436502042e-05 0.00016236392330302966 0.8048600379423639 0.5934646449655216
1309240000000 0.0009404358441001644 -2.798644743660635 0.045006874455525175 -0.00015882384520986455 0.00011985290261668566 0.8046464798203737 0.5937541603415918
1309450000000 0.0009579905226889528 -2.7986238037591065 0.04409991627073698 -0.00022417151594950868 7.705187247551092e-05 0.8044711343770001 0.5939916983968069
1309680000000 0.0009605129707040019 -2.7985838751890095 0.0450697363823622 0.00010795216079099994 0.0003302443102399879 0.8042672871415683 0.5942676249964899
1309900000000 0.0009987724077337933 -2.798563544933302 0.04504372496511691 -0.00019172782453646744 9.862233681453566e-05 0.8040868609946953 0.5945117942394195
1310120000000 0.0010032576158254276 -2.7985386374801475 0.044955709312392095 -3.818931465365839e-05 0.0004270706235276315 0.8038845911020928 0.5947851547751339
1310350000000 0.0010396366683269925 -2.7985033405188826 0.045006876016471103 -0.0001586469667217347 0.00012003301837400863 0.8037023251211577 0.5950315395153936
1310580000000 0.0010709062869739474 -2.7984781889042316 0.045072690441354396 -0.0004472535054172811 7.720796224177294e-05 0.8035003985229263 0.5953040429702549
1310820000000 0.00108022568487566 -2.7984438024295755 0.04502792194301283 -8.978944497500112e-05 0.00016261575283213437 0.8032859460739916 0.5955935311384641
1311060000000 0.0011058463049807808 -2.798409345335264 0.04500687674699366 -0.0001585305814845102 0.0001201502639376179 0.8030713174227977 0.5958828908139424
1311290000000 0.0011371081852219475 -2.7983843071674195 0.04507269023599739 -0.0004471922764246383 7.76850530354748e-05 0.8028689926699996 0.5961553275725721
1311510000000 0.001126073354994347 -2.7983486054727735 0.04506970993417192 0.00010875489498451195 0.0003298598627284272 0.8026902420370766 0.596396055237879
1311750000000 0.0011752450792382751 -2.7983276917190323 0.04506480625974296 -0.00038856255567999975 6.673539268522748e-05 0.8024773712624585 0.5966824223799643
1311980000000 0.0011896825472500385 -2.7982948579042928 0.04409987778280969 -0.00022370745737928323 7.816071015282146e-05 0.8022624593279056 0.5969714316439421
1312210000000 0.0011924055327093594 -2.7982548817414417 0.045069698811405406 0.00010907382080911962 0.0003297034501633177 0.802057205480338 0.5972471168081159
1312440000000 0.0012415479931047941 -2.7982341587372095 0.045064805328179025 -0.00038850673181390694 6.715127889722318e-05 0.8018439025340907 0.597533430464041
1312680000000 0.001256019836991464 -2.798201368023013 0.04409986708505101 -0.00022356763459913836 7.848876054414804e-05 0.8016285502638395 0.5978223910652077
1312910000000 0.0012898662738921435 -2.7981801161412116 0.04494298118224577 -0.0004493404918813664 -1.8106126155420143e-06 0.801456129767765 0.5980534007490632
1313140000000 0.0012970037414214164 -2.7981417033481795 0.04504370072366068 -0.00019116316466131025 9.960571090874027e-05 0.8012407914199089 0.598341998943869
1313360000000 0.0013016322859134045 -2.7981167722494478 0.044955772525519855 -3.6363947025313066e-05 0.00042705608255748443 0.801036694735859 0.5986150933508241
1313580000000 0.0013380726857673947 -2.7980820944209426 0.04500687729877323 -0.00015813331107817705 0.00012054242824911331 0.8008527582855643 0.5988612694187045
1313820000000 0.0013693099437854489 -2.7980574553807096 0.04507268928096517 -0.0004469799124062778 7.935831591091366e-05 0.8006490180673652 0.5991334941221191
1314060000000 0.0013788253430623305 -2.7980231654347008 0.04502790828943129 -8.90398107808374e-05 0.00016307708248953945 0.8004325826540485 0.5994227607486613
1314280000000 0.0014045689714623233 -2.7979890906335045 0.045006876795801176 -0.00015802342114779324 0.00012064881449493106 0.8002159834170572 0.599711881119871
1314540000000 0.0014358000075456942 -2.7979645660463786 0.04507268892930333 -0.0004469198191149763 7.983762528026614e-05 0.8000118327170046 0.5999840509558637
1314770000000 0.001445360175895883 -2.7979302975760016 0.04502790486664196 -8.887361086804509e-05 0.00016318141237662206 0.7997949489253247 0.6002732753895053
1315000000000 0.0014711325695177142 -2.797896307965094 0.04500687602908959 -0.00015791487766712774 0.00012075270523494002 0.7995779044389751 0.6005623491484068
1315230000000 0.0014887135494131305 -2.7978758934205725 0.044099830957770064 -0.00022304953927008864 7.968197807871306e-05 0.7993996860932743 0.6007995387595267
1315500000000 0.0015119628913336822 -2.797837651473733 0.045027901300248585 -8.8707487962075e-05 0.00016328632110223685 0.7991560058477863 0.6011236509953436
1315760000000 0.0015558653358106926 -2.797808850184031 0.044942967887785845 -0.00044935878753020496 2.386050920726104e-07 0.7989061497072717 0.6014555362090581
1315980000000 0.0015689839275719259 -2.7977794526360706 0.04507268813138174 -0.00044680041355129257 8.079767935099385e-05 0.7987335337933781 0.6016847478830323
1316210000000 0.0015786344995803408 -2.797745227781217 0.045027897594012295 -8.854147696759479e-05 0.00016339178563767323 0.7985157449931212 0.6019738951662369
1316460000000 0.001604465613612844 -2.797711409134878 0.045006873690990906 -0.0001577019184328958 0.00012095303876282179 0.7982978018146171 0.6022628828995008
1316700000000 0.0016356797855049843 -2.79768722976188 0.04507268768627248 -0.00044674111919989655 8.1278434171208e-05 0.7980924034814126 0.602534902990234
1316930000000 0.0016453760139078899 -2.797653026796199 0.04502789374700433 -8.837557980705895e-05 0.0001634978192439691 0.7978741577719078 0.6028240156281006
1317160000000 0.001671237140783881 -2.7976192942928617 0.04500687212477536 -0.00015759753053342979 0.00012104964839998751 0.7976557609975075 0.6031129640933678
1317400000000 0.0017024463919311644 -2.797595231042895 0.0450726872088944 -0.0004466820687685947 8.175964703080144e-05 0.797449941183717 0.60338493940152
1317620000000 0.0016920016425086835 -2.7975590038381255 0.04506960430297058 0.00011142030485968132 0.00032847922208273063 0.7972680491132925 0.6036253287843388
1317850000000 0.0017409383859966392 -2.7975397212367095 0.04506479661385798 -0.0003880932047530358 7.029017160273729e-05 0.7970514147555985 0.6039113235227959
1318080000000 0.0017556785071790582 -2.797507260705279 0.04409979177037118 -0.00022240302747528776 8.112772904809225e-05 0.7968326706985039 0.6041999990588173
1318300000000 0.001789523189111233 -2.797486918605274 0.044942954198073426 -0.00044937171421700856 2.047608650530446e-06 0.7966575942235552 0.6044307037426268
1318530000000 0.0017970345752661861 -2.7974486010795374 0.04504365759692966 -0.0001901750346815312 0.0001013124519073919 0.7964388756843218 0.6047190015767132
1318750000000 0.0018125438393444097 -2.7974235141962316 0.04502788352135784 -8.796136856147554e-05 0.00016376522202530804 0.7962643304204802 0.6049488255578105
1318990000000 0.0018384820709066454 -2.7973899998042615 0.04500686702864329 -0.00015734280147059926 0.00012128061996498955 0.7960447871177604 0.6052376867288533
1319210000000 0.0018696805458456695 -2.7973662286292886 0.04507268587660776 -0.0004465356747693832 8.296487160284833e-05 0.7958379009451119 0.6055095615611695
1319430000000 0.0018594128646495062 -2.797329849816524 0.045069568588013115 0.00011218522065144868 0.0003280514784902724 0.7956550527095526 0.6057498798138247
1319650000000 0.0019082865953426408 -2.7973110524680336 0.04506479303996269 -0.0003879574188015687 7.134402690158023e-05 0.7954372712805696 0.6060358008045338
1319880000000 0.001923119555212979 -2.797278707001021 0.044099768392481614 -0.0002219691077308431 8.207523920277556e-05 0.7952173598608255 0.606324413634606
1320100000000 0.001956969177200206 -2.7972586714642445 0.044942943220160264 -0.00044937914613311865 3.3489976021393717e-06 0.7950413682158002 0.6065550435638263
1320330000000 0.0019646090012519274 -2.7972203898784174 0.04504364238457334 -0.00018983183803488116 0.00010189979652815246 0.794821486490017 0.606843273171998
1320550000000 0.001980174268915538 -2.797195426679599 0.04502787238078734 -8.754774378268554e-05 0.00016403641102753614 0.7946460210124671 0.6070730324404983
1320780000000 -0.00033822382270774385 -2.7885548414373873 0.044947607387405275 -0.0004251222563878077 -5.2332086018756875e-06 0.7943214054392703 0.6074975918509165
1321000000000 -0.016154175197937874 -2.7301719158811886 0.04506449982184613 6.751129526150406e-05 0.00021624474967740524 0.7941853807186661 0.6076755135211396
1321230000000 -0.03337354921988992 -2.6668244428391175 0.04507752295438358 -0.0004571446775028685 3.978685804182628e-05 0.7941914058388199 0.6076675080399713
1321460000000 -0.054007124638686226 -2.590766371923954 0.04417206172315091 0.00029371764965625396 6.076677573325744e-05 0.7943471001974541 0.607464068439638
1321690000000 -0.07459161620056676 -2.514736299660915 0.045071838028296396 -0.00044279815083917454 7.88012542767175e-05 0.7941808273248425 0.607681340202074
1321920000000 -0.09515483359292135 -2.4387395582447366 0.04505564850016114 -0.00020500506694733057 0.000401014115646153 0.794109999869322 0.607773893210417
1322140000000 -0.11229615118825326 -2.3753684429972974 0.04418321007116641 -4.7064378626707734e-05 -0.0005155873501522964 0.7943053563011585 0.6075185041675012
1322380000000 -0.13148335537570474 -2.3047386460169466 0.04421725246315039 0.00010488819885805181 0.0004207560349629954 0.7944912956482922 0.6072753848971013
1322610000000 -0.1474679501537446 -2.2458319058357685 0.04502489030472148 -0.0002124031090768607 0.0005114876208684012 0.7944058900856725 0.6073870060040166
1322850000000 -0.1624756080879844 -2.1903451572561505 0.04411605314950198 -1.4336094775571339e-05 0.00017355728859071986 0.7944499367169084 0.6073296203239591
1323080000000 -0.17756364506148437 -2.1349160054844663 0.045041021262732656 0.000224393811299928 3.726004976101319e-05 0.7945605708479281 0.6071848544824885
1323310000000 -0.19013826417831842 -2.088747901914824 0.045086708610380666 -0.00028212242535175945 0.000213564272919295 0.7946004937867391 0.607132547365984
1323520000000 -0.2052686132306555 -2.033327349818164 0.04498118772469714 -9.988526733543516e-05 0.0002857415567486494 0.7946582106472572 0.6070570291377868
1323750000000 -0.21782482770084852 -1.9871056120121797 0.045058242890105904 0.0001045586773206339 0.0002671241405403578 0.7946234678333974 0.6071025136503734
1323970000000 -0.23287612138402078 -1.9316872344174938 0.0450522016222305 -0.000356881077446428 3.171390045497783e-05 0.7944015297131377 0.6073928557528084
1324200000000 -0.24794882235432844 -1.8762764399888976 0.04493307192195922 -9.780316075112001e-05 0.0003542457146689389 0.7944338542255177 0.6073505710912801
1324420000000 -0.26051103785628754 -1.830038004317846 0.04505141601499302 -0.0002569599740611809 6.685629447612995e-05 0.7944619780385895 0.6073138356342783
1324660000000 -0.27558576633008397 -1.7746373970552123 0.045062814466173745 0.0002889340820143612 0.00012414571758169362 0.794569838704949 0.6071726875653485
1324890000000 -0.2907008951079123 -1.7192196067359649 0.04506847541261483 0.00033940059631351957 0.0003015421301339701 0.7945353278538568 0.6072177588573502
1325110000000 -0.3032198938680282 -1.673028075405638 0.04503802645212124 -0.0001867362360006904 0.00012058959369509514 0.7943618732211557 0.6074447834662052
1325330000000 -0.31825782294848604 -1.6175947572327989 0.04495149420662975 -0.00036667256836018565 -9.096044383626796e-05 0.7942921458670149 0.6075358790157154
1325560000000 -0.3332888283205904 -1.5622259860293768 0.04493727343423312 -0.0001496695756334404 0.00034336607508472604 0.7942952558863154 0.6075318149490194
1325780000000 -0.34581123133703784 -1.5159859501552366 0.04414826752549825 -5.064896967254671e-05 -0.00017161084583111095 0.7944209514699037 0.6073675327592447
1326010000000 -0.36087742355654256 -1.460558352416521 0.044138270910466015 7.0109904427699726e-06 0.00011289204637168647 0.7943046543572073 0.607519632006003
1326240000000 -0.37588616974008987 -1.405112232961349 0.04506465606623855 8.497900112826392e-05 0.0003128583217794549 0.7941019638333349 0.6077844732586384
1326460000000 -0.38835598009903277 -1.3589190458654636 0.045076979843782616 -0.00036781116667850694 -0.0001025289431864044 0.7939879658467394 0.6079333551412675
1326690000000 -0.40337712610576626 -1.3035201486116406 0.04502737210960739 -0.00015254229129291004 -7.815566554655145e-06 0.7941168118467905 0.6077651403396341
1326910000000 -0.41585447780762097 -1.257319083717793 0.044127610454034044 1.1467587867088595e-05 -0.00017961720899786955 0.7942692724395418 0.6075658733540864
1327140000000 -0.43088648650344175 -1.2018890918329908 0.045019983124798324 -0.00010492721634660156 0.00013422867379630338 0.7942535006126669 0.6075864940380642
1327360000000 -0.4458762471895562 -1.1464362955618803 0.04500532507946303 -0.00015900575981720767 0.00011462263617996028 0.7940358572893501 0.6078708900067403
1327590000000 -0.45836462368979086 -1.100215459637099 0.04412624116236977 -3.2285259579743395e-05 3.303634824989286e-05 0.7938957811740587 0.6080538516449783
1327820000000 -0.47332607223478096 -1.0447780874234114 0.04493568644282139 -0.00037762044243097413 -0.00018334905688921903 0.7938802403749039 0.6080739985628473
1328060000000 -0.4883000250206539 -0.989356609857016 0.045003408627443425 3.3159160686732704e-05 -0.00019769882355140435 0.7941151932158952 0.6077672414002968
1328310000000 -0.503280704702728 -0.9339270138903819 0.045056251942625275 -0.0003688754692530703 2.7848601577474123e-05 0.7942644428729031 0.6075721010243479
1328550000000 -0.518274033497312 -0.8784822293460008 0.044100114525597534 -0.00020357630796371604 0.00011461143759091992 0.7940163823738225 0.6078963151252793
1328790000000 -0.5332431030959316 -0.8230158974079373 0.04502885491574429 -1.7381822421108807e-05 0.0001305001471035421 0.793833818101146 0.6081347317055165
1329030000000 -0.548207277569586 -0.7675497554098581 0.0449585135055246 0.00016085707349271287 -8.785195376629116e-05 0.7939096988798588 0.608035653914742
1329280000000 -0.5656652621347399 -0.7028547129192229 0.045010834726611965 -0.00011534446461992375 -3.3309468168416614e-05 0.7938907066203689 0.6080604669997427
1329520000000 -0.5806446423296833 -0.647395772067454 0.04494674709015645 3.1733174798723614e-05 0.0003964460977623779 0.7938768748358089 0.6080784072999356
1329770000000 -0.595539216481824 -0.5919308435994445 0.044940378219366056 -0.00045811905353218487 6.565218798272562e-06 0.7936721751227995 0.6083455173827413
1330010000000 -0.6104600437462849 -0.5364631804844645 0.04505715033943472 -0.00030473572484910147 0.00015043338165370192 0.7935168453202286 0.6085481909421538
1330250000000 -0.6254170818377979 -0.481002381650085 0.04507820630104725 -0.00045355892517118577 4.489033242380506e-05 0.7936085482028467 0.6084285204430587
1330480000000 -0.6403481272363348 -0.4255266107942266 0.0441313310408 -7.275034610962054e-05 -3.372462566399119e-05 0.7937200626173987 0.6082832035891419
1330710000000 -0.6527842404459393 -0.3793337163347596 0.04493170126062798 -0.0003813006621916941 -5.361810322081202e-05 0.7936809066347659 0.6083341764016881
1330940000000 -0.6676909563268828 -0.32384867028832603 0.0450430582354161 -0.00019114594054368928 0.00011870470599911268 0.7934787906175486 0.60859786247779
1331160000000 -0.682554068884482 -0.2683647747613725 0.0440707180536008 -0.00032283893696844325 8.550796772100902e-05 0.7933307956437345 0.6087907170339305
1331400000000 -0.697408897745722 -0.21290397458468535 0.044184353805375526 -5.395353207796323e-05 -0.000520553567012633 0.7935486123035751 0.608506635973734
1331620000000 -0.709784704973831 -0.1666693651341588 0.04416413345163281 3.61009292497155e-05 -0.00046062926457342014 0.7936753495827795 0.608341372900164
1331850000000 -0.724685115971474 -0.11119654667349099 0.04411223310911691 -9.256422273391617e-05 0.00019008861377694546 0.7936918303841041 0.6083200092712009
1332080000000 -0.7395763630987776 -0.05571275200003692 0.0450672574047197 0.00010822533655170565 0.00032548143469962175 0.7934638325891455 0.6086173089241358
1332310000000 -0.7519307913460973 -0.009466916649832458 0.04505563685675856 -7.142353167513538e-05 -0.0003775962367560081 0.7932983782817657 0.6088329289183378
1332530000000 -0.7667897058149872 0.04594365312509575 0.04414204103370145 -0.00011265976102629371 -5.963822446436255e-05 0.7933268797761786 0.6087958981265015
1332770000000 -0.7816544883500649 0.10139006408508619 0.044927048121473606 0.00019196531436142981 5.31628741435081e-05 0.7935513091231622 0.6085033115045002
1332990000000 -0.794063710127882 0.1475798909243136 0.044927309468358045 -0.0004791847128756651 -5.905686204622886e-05 0.7937042756084346 0.6083036164409908
1333220000000 -0.8090294179955542 0.2030564537089663 0.04488613428059149 0.0005354999492272925 0.00033239776064398796 0.7935174221713736 0.6085472072584274
1333440000000 -0.8238596063957947 0.2585365008357705 0.04409680176701014 0.0001491041735154398 0.00013263667995103812 0.793326306530185 0.6087966257648209
1333670000000 -0.8362295171273612 0.3047694371330467 0.04413771932248664 -0.00010071180965387647 -5.6149576436844554e-05 0.7933731471392029 0.6087356044316721
1333900000000 -0.8511737160323728 0.36025820447588297 0.0450916404406643 -5.277304104486641e-05 0.00033210156396024413 0.7934577790939813 0.6086252046364856
1334140000000 -0.8660733263338581 0.4157438713623617 0.04502827911477783 3.0434614602190373e-05 -0.0002617613281751589 0.793599280098286 0.6084407228171234
1334370000000 -0.8809753197623011 0.47120606377056024 0.04501402401982432 0.00013144160475257646 7.80356158405035e-05 0.7936206862644831 0.6084128392519655
1334600000000 -0.8958861656926157 0.526677519027688 0.045044990939852286 1.1476834765622386e-05 0.00022919753425615664 0.7934290028782222 0.6086627676541772
1334840000000 -0.9107534889404212 0.5821549823749868 0.04506046740177996 -0.00021803162226503137 -0.00023190005310791303 0.793393179249601 0.6087094231279713
1335060000000 -0.9231611738162557 0.6283710553825105 0.04502535537679009 6.162100733415248e-05 -8.58180288547547e-05 0.793398124195133 0.6087030518748544
1335280000000 -0.9380432614525576 0.6838457976929542 0.045009468156846005 -9.978227017935648e-05 2.7778126642132064e-05 0.7935042994727733 0.6085646358359132
1335510000000 -0.9504080489921206 0.7301090242641035 0.0450308319460396 0.00011085169686956459 -0.00010101308603183464 0.7934869600099943 0.6085872343406123
1335730000000 -0.9652481077190144 0.7855865281805656 0.0450602549239518 -0.000407733940256936 7.548246537630948e-05 0.7933145781373122 0.6088118002882745
1335960000000 -0.9801244266646651 0.8410866412460156 0.045004878327755876 -3.1456675712472356e-05 -8.159254709164567e-05 0.7931930495377015 0.6089702607830823
1336180000000 -0.99247783800826 0.8873336257943548 0.045067223388703226 -0.00011432248135405 -0.0004914286435398223 0.7932858875977775 0.6088491159281297
1336410000000 -1.0073343254358942 0.9427612305562504 0.04504615202304027 -0.00015732717633572626 0.0003331065751024757 0.7935470667532992 0.608508765044025
1336630000000 -1.0197051016436722 0.9890394677604478 0.045011184540516835 4.7014221677725886e-05 9.083101577154355e-05 0.7937199360215595 0.6082833654649129
1336850000000 -1.03462887933921 1.0445058848072712 0.04502323104844638 -6.952965096559299e-05 0.00017801838128318555 0.7935832325498 0.6084616803800329
1337080000000 -1.0494827215272993 1.0999683732487378 0.04491738366101622 -0.0004978391465539042 -9.265193925637579e-05 0.7934088249068378 0.6086889025863319
1337310000000 -1.0618862956245303 1.14621042970514 0.045071214072392785 -0.000273332348861685 -0.00028640036495233953 0.7935041611404619 0.6085646962460362
1337530000000 -1.0768383348096113 1.2016679440284344 0.04501361304896631 -0.0001127280009726767 -4.684451549578348e-05 0.7934068176198165 0.6086917174172692
1337760000000 -1.0916691095283397 1.2571605542279312 0.045038919732830585 -0.00011842160703206995 5.788464419944754e-06 0.7933655472920672 0.6087455086592224
1337980000000 -1.1040172783099107 1.3033965817508661 0.04502683476327582 -8.424288111516123e-05 0.00017508274215933438 0.793169937951982 0.6090003380774264
1338190000000 -1.1163467576183315 1.3496417731220665 0.04505151422004172 -0.0003618861825506799 2.829801733985467e-05 0.7930064586070198 0.6092131193967887
1338420000000 -1.1311929384676107 1.4051140628288918 0.044932738377911174 -8.484750035339196e-05 0.00034236509480305063 0.7931361303130998 0.6090442959087664
1338640000000 -1.146018371793747 1.460565521025227 0.044927088278569116 -3.686928568762973e-05 0.00027731010071996623 0.7931901105053639 0.6089740309210668
1338860000000 -1.1583625653802474 1.5068036485721321 0.04412880418247833 -8.399675911106234e-05 0.0001439104882859823 0.7932931736368924 0.6088398088951008
1339090000000 -1.1732018568582674 1.5623054162495613 0.04413569635543063 0.00010661575138675701 7.638280101797167e-05 0.7931392883811766 0.6090402712669746
1339320000000 -1.188000520097671 1.6178090267069054 0.045050658345285544 3.062851124881798e-05 0.00025527737808110656 0.7929347395688877 0.6093065178382511
1339550000000 -1.200306485323141 1.6640674387312215 0.04507572668190779 -0.0002306173840723273 -0.0002709946109439712 0.7928835845328139 0.6093730341555484
1339770000000 -1.215113509731769 1.719560083465549 0.045045095931719736 -0.0005205614771939991 -8.385597546920743e-05 0.7929244910270993 0.6093196808846234
1339990000000 -1.227433809283241 1.7658215273511497 0.04495458347247619 -0.0003022132477214466 -0.00012688768641081 0.7929710497250625 0.6092592279683587
1340210000000 -1.242253305041986 1.821330328113479 0.04417122446293917 0.0002093976069316724 0.0002613155828881102 0.7928836599920246 0.6093729478607168
1340440000000 -1.2570026008103603 1.8768224345214168 0.04502031653085217 -7.978571242475426e-05 0.00016535202998790093 0.7926949269657367 0.6096185028817053
1340660000000 -1.2692497107440426 1.9231012193332195 0.04501947586391716 5.0155603421207685e-05 4.4632447683986144e-05 0.7925974717622805 0.6097452281472986
1340890000000 -1.2839691109500326 1.978584659157979 0.045010148916838716 3.2602519700158454e-05 -0.0001855086903704425 0.792751181587824 0.6095453458231888
1341110000000 -1.296235317042235 2.024836080994448 0.045038891848247276 -0.0001003491751946572 0.00020556392664071606 0.7928738211878698 0.6093857984466499
1341340000000 -1.3110043791771988 2.0803373272712338 0.04493165300354751 -0.00038012744753955784 -5.6247342688859845e-05 0.7928893469444829 0.6093655190780911
1341560000000 -1.3257673732549282 2.1358606464848986 0.04504307654774306 -0.00019146951799111356 0.00011929964472681177 0.7926874152865561 0.6096282561966245
1341790000000 -1.338030449266385 2.1821228845398535 0.04502456964083432 0.00015111868952151597 -0.0001968273170087436 0.7925438546970556 0.6098148709273017
1342020000000 -1.3527632109810073 2.237568170069685 0.04493424812296645 -0.00010525808027787272 0.00033131457145284786 0.7925684768105872 0.6097828209432741
1342240000000 -1.3674516648570665 2.2931095129368586 0.044909420480882034 -9.819807046674343e-05 -0.0005664971340674295 0.7927870828142177 0.6094984091538375
1342460000000 -1.3797535106310268 2.339346469059941 0.044978685710392846 -0.00012749875338603875 0.0003313173374718901 0.7928464081999687 0.609421403445349
1342690000000 -1.3944775102558393 2.3948632531724585 0.04494162309430019 -0.00043771590953452493 1.343883276614286e-05 0.7926576881922305 0.6096667922512499
1342920000000 -1.4091897899728285 2.4504109783021915 0.04505646360177293 -7.309168941203349e-05 -0.0003806547210023747 0.792455069634585 0.6099301700768976
1343140000000 -1.4214546081573278 2.4966563590840956 0.04501861084619155 -0.00013471664346528233 -4.760020515345801e-05 0.79247074854975 0.6099099050504471
1343360000000 -1.436235771900398 2.5521935838052063 0.044154006463042295 1.1969300290045923e-06 0.00016057405190342158 0.792550992644384 0.6098056233530016
1343580000000 -1.448512436278052 2.5984300964582094 0.04413423701993857 -0.0001479785122833906 7.891550892387899e-05 0.7926314151205692 0.6097010838424566
1343810000000 -1.4632207204533452 2.653955707124017 0.045067222575475546 -0.0003748184152885459 8.097635996598851e-05 0.7924930554318368 0.6098808162635522
1344030000000 -1.475468979634575 2.7002405213155596 0.04506091500471071 7.15844322232923e-05 0.0002986139585007709 0.7923084588807205 0.6101206533886805
1344260000000 -1.4901490664153254 2.7557559397398066 0.044890408778332724 0.0003484982156617674 0.00011598312619521663 0.7921692118712029 0.6103014049306009
1344490000000 -1.5047709560739677 2.8112570562286545 0.04504946679861313 -0.000450648896682666 -8.240869520048893e-05 0.7922051211572977 0.6102547305318738
1344710000000 -1.516993769233589 2.857520775049802 0.044948453458391296 -0.0003134888072944999 -0.00012939099263781982 0.7922374936633504 0.6102127814268983
1344940000000 -1.5316432695987812 2.9130758023956065 0.0450292195760052 8.945428298075486e-05 -0.00019935067245325 0.7922828353804733 0.6101539650110605
1345170000000 -1.5462641178480654 2.9686068978661013 0.044937662312171 -0.0004582675259691389 1.810345853698966e-05 0.7921235406696016 0.6103606196177743
1345390000000 -1.5584791629572705 3.014917506829732 0.04500408651964449 1.5637739711775458e-05 -3.983427241833695e-05 0.7920262475735806 0.6104870361630992
1345620000000 -1.5731226539111103 3.0704404581412974 0.04508770925201455 6.621946700673466e-05 0.0003378158773789143 0.7921541347968856 0.6103209878577115
1345850000000 -1.5877858454190539 3.126007352067198 0.04413267183138572 -7.965438241431256e-05 -3.9955770715323836e-05 0.792168910051658 0.6103019007067602
1346080000000 -1.6024551760005998 3.181533369920485 0.045067359712055194 0.00014012644897782111 0.00030448630145010416 0.792097915459719 0.6103939547350042
1346310000000 -1.6146116865625593 3.227821866342874 0.0450433884164958 -0.00019167058538736623 0.00011908913250912356 0.7919287374508751 0.6106134815737598
1346540000000 -1.6291902082230396 3.283364413075952 0.04409298806194312 -0.0001794140263665521 0.00013803442216352526 0.7917643196807325 0.6108266618588388
1346770000000 -1.643780252888664 3.3388686388855846 0.045024130732387785 -0.00012577034159738228 -6.830038362801448e-05 0.7919245423366277 0.6106189472672805
1347010000000 -1.6584067696674911 3.394410482621777 0.04501322679214692 -9.019844142873804e-05 -3.734683580336853e-05 0.7921210692501306 0.6103639914997318
1347230000000 -1.670625028810076 3.4406880840881975 0.04501373955103971 -3.717602352766239e-06 9.359722478841754e-05 0.7921559427247488 0.6103187311819976
1347460000000 -1.6852573216418636 3.496230743000393 0.04495679492820451 -3.1830352582801095e-05 0.00042223256421598495 0.7919804366007173 0.6105463199039264
1347680000000 -1.699799752397425 3.5517676736260415 0.045009992439753344 -0.00012085623554779666 -7.244227501203911e-05 0.7918024371698292 0.6107772758033863
1347900000000 -1.7119979576577709 3.5980540575769715 0.04493518505651911 -0.0001158923072069333 0.0003464983917473507 0.7918294504381607 0.6107421615760927
1348140000000 -1.7266339782719629 3.6536613963865663 0.04419058343006954 -0.00020152446444078123 -0.00030059430388251394 0.7919141052379782 0.610632392652148
1348360000000 -1.7412301050440482 3.709197217402533 0.04506962307336512 -0.000511520252311377 4.809906616579849e-05 0.7919394792508574 0.6105993753987897
1348600000000 -1.7557629645277866 3.764767672792385 0.04410105646189261 -0.00019863063569261694 0.00012164690749186591 0.7916997639996174 0.6109103284696134
1348830000000 -1.76786391157282 3.8110722742494265 0.04492489544444464 -0.00041096376121495004 -6.692408055234024e-05 0.7915388585457366 0.6111186971792525
1349060000000 -1.782448892143428 3.8666230254583898 0.04493158716446699 -5.663057193611176e-05 0.0003286749956315082 0.7914705735833287 0.6112071824818508
1349300000000 -1.7969167006309839 3.9222348555418662 0.045059816071831266 -6.046737126225704e-05 -0.0004940987476598668 0.7916516169410458 0.6109725604352066
1349520000000 -1.811470752364312 3.977783213188996 0.045062726152810095 -0.0004693026751221924 1.35790006065153e-05 0.7917189885068494 0.6108852779436588
1349760000000 -1.8260481314527075 4.033313715092602 0.04511622530077533 -0.0004536195608047592 0.00047136796541479996 0.791638313190853 0.6109896505914615
1349990000000 -1.83809840157776 4.079635039332329 0.04502678608166785 9.746484239171408e-05 -0.00016327992070621557 0.7915804020230855 0.6110649973392701
1350210000000 -1.8526327760871275 4.135170899790157 0.045043799844949245 -0.00015217755024772594 0.0002503304916100161 0.7915474411159185 0.611107652250796
1350440000000 -1.8671354306462422 4.190738399590801 0.044931343922267636 0.00016506524066207693 4.109419660990068e-06 0.7917342663578176 0.6108656351534496
1350660000000 -1.8793001820953754 4.237010331165239 0.04405610060428397 -0.0001535499630662621 0.00016314236002826473 0.7918753589493702 0.6106827045985378
1350890000000 -1.8938740167980785 4.292572946652574 0.045066407378595214 -0.000382783912544972 7.707182951140201e-05 0.7917350879162741 0.6108644678638782
1351120000000 -1.9084078372649678 4.348141277221504 0.04501912138935116 -0.00011334243124683273 0.0001538234075572805 0.7915128693409639 0.6111524696501578
1351350000000 -1.9205292336879884 4.394443349079233 0.04502368620779432 0.00022763625253943354 0.00016919760264170423 0.7914192852370753 0.6112736167288303
1351580000000 -1.9350444490697145 4.449967326338731 0.045063343425781194 0.0001495064701801253 -5.2250322658998853e-05 0.7916794470040649 0.6109366809326949
1351810000000 -1.9496293965199807 4.505537937268699 0.045031311791598944 -9.547587955425162e-05 -0.0001052147234381651 0.7917588687788951 0.6108337527709014
1352040000000 -1.9642071858559942 4.5610984098425185 0.04494459938635181 4.597780527319467e-05 0.00041618781041667576 0.7917187999418186 0.6108855592436562
1352280000000 -1.9787281572895923 4.616665333622083 0.04505968554931522 -0.00040146367027569884 7.400035165792526e-05 0.7915281259247183 0.6111326036311373
1352510000000 -1.9908031711842333 4.662999686299738 0.0450361835541839 -0.00013709668501953913 -6.288190827396504e-05 0.7914915195576 0.6111801303370111
1352740000000 -2.0053197254560615 4.7185670627515615 0.04418404813102414 -5.0709685304726295e-05 -0.0005373252675101778 0.7916680060641472 0.610951288471104
1352960000000 -2.0198264257541765 4.774100689921277 0.04508501291899192 0.00028143920700947426 -0.0003941447173957303 0.7918938407098121 0.6106585875002309
1353180000000 -2.0319308585625597 4.820387507853376 0.04501940609320787 -6.332197255076007e-05 0.00014493969087297302 0.7918502967588333 0.610715222100908
1353410000000 -2.0464671201140603 4.875950798201401 0.04500260588105551 -0.0001676333449222118 0.00010735160724463054 0.7916157423568604 0.6110192115044263
1353630000000 -2.0585916129878497 4.92226415797979 0.04412461667067019 -4.13618470265949e-05 -4.9594791632756195e-08 0.7914791984979973 0.6111961032550544
1353870000000 -2.073118130221412 4.977851494459685 0.04490204124107691 -0.0002600543727199074 -0.000521316248473374 0.7915120910370327 0.6111532298395193
1354110000000 -2.087635786684779 5.033356613365036 0.04505119175646646 -0.00014680604890736677 0.00033740333653326334 0.7917180226703273 0.6108865992849735
1354330000000 -2.1022081792023974 5.0889319201791565 0.04503326415684342 -6.505489960214987e-05 1.1853867580876918e-05 0.7919647970161271 0.6105667497616869
1354560000000 -2.116808292972675 5.144480458163929 0.04504050791887526 -0.00014296253988190893 0.0001318255060812769 0.7918448602762811 0.6107222604734373
1354780000000 -2.1289380002925844 5.190780982387148 0.045024490538254386 0.00016003171331721867 -0.00019364573490487835 0.7916925374798462 0.6109196862026156
1355000000000 -2.1434914472905464 5.24632235424727 0.044894666117692494 -0.00025077442963695134 -0.0005071450669045468 0.7917966732882672 0.6107845021656162
1355230000000 -2.155637728174118 5.292591763564177 0.04496838813156556 0.0002587875118195577 0.0001584096957973906 0.7919545762553102 0.6105799350483638
1355470000000 -2.170230934486609 5.348119582585791 0.04492822745924252 -0.0004922519803407747 -4.1992979179163296e-05 0.792014609671118 0.6105019361083827
1355700000000 -2.1848374398387764 5.403685258818437 0.045065746401647455 -0.00035614757080232 6.0006267991542126e-05 0.7918429773760219 0.6107246259472694
