1305650000000 0.0005953591958939685 -1.9991461134521251 0.04409997995195275 -0.00022482501011014463 7.542926364748001e-05 0.8079111529463356 0.589304261573819
1305930000000 0.0005975749160157643 -1.9991062607055798 0.045069787934039596 0.00010615971268371356 0.00033105761004471835 0.8077094502658835 0.5895806332319257
1306220000000 0.0006436215368394687 -1.9990718898084732 0.04500686649856611 -0.0001593704818324679 0.00011928249599430939 0.8074622376094683 0.5899192276976961
1306500000000 0.0006688280234554171 -1.9990374486517226 0.04504375054803969 -0.0001923330107179528 9.756079547547008e-05 0.8072194263252132 0.5902514305387986
1306790000000 0.000694089233984849 -1.999003015731915 0.04409996220389631 -0.00022465562089169755 7.58576208319714e-05 0.8069766317768619 0.5905833214217489
1307070000000 0.0007169497769814969 -1.9989639406863666 0.0450279350394274 -9.070942654779977e-05 0.00016206548232866009 0.8067387042464361 0.590908308096409
1307350000000 0.0007609018821924309 -1.998933211480335 0.0449430005618317 -0.0004492934607351576 -5.852908769312509e-06 0.8064947894757544 0.5912410275425655
1307620000000 0.0007787086431393663 -1.9988934921243862 0.04506481083103783 -0.0003889006690673627 6.425060340421897e-05 0.8062517071779891 0.5915725055314078
1307860000000 0.0007929445728762946 -1.9988604041481115 0.04409994473981704 -0.0002244796941367091 7.629650608894986e-05 0.8060393768340399 0.5918618646109097
1308090000000 0.0007953263422732077 -1.998820509886041 0.04506976092723938 0.0001071418401270337 0.00033061947042936944 0.8058365142922064 0.5921379834504611
1308330000000 0.0008446503438975367 -1.9987986469527028 0.04506481018822414 -0.00038884395066041887 6.466353378680054e-05 0.8056257611498544 0.5924246598435343
1308550000000 0.0008380276321978033 -1.9987749235004706 0.04495567638273251 -3.9211687791704546e-05 0.0004270711967172228 0.8054557162036031 0.5926558067779113
1308780000000 0.000892784832066604 -1.9987436272277168 0.04494299658118728 -0.000449306433813481 -4.848590462027686e-06 0.8052426194395251 0.5929452942206319
1309010000000 0.0008996367428538601 -1.998705145292109 0.04504373278603596 -0.00019191176379581597 9.83005103745545e-05 0.8050298730435402 0.5932342345266212
1309240000000 0.0009148798108856693 -1.9986794119770903 0.04502792837235789 -9.020709436503113e-05 0.00016236392330298081 0.8048600379423657 0.5934646449655192
1309450000000 0.0009404358440997446 -1.9986447436606307 0.0450068744555252 -0.00015882384520976643 0.00011985290261691131 0.8046464798203753 0.5937541603415898
1309680000000 0.0009579905226885363 -1.998623803759102 0.04409991627073692 -0.00022417151594927083 7.705187247578635e-05 0.8044711343770012 0.5939916983968052
1309900000000 0.000960512970703665 -1.9985838751890048 0.0450697363823622 0.00010795216079088905 0.0003302443102400303 0.8042672871415693 0.5942676249964886
1310120000000 0.0009987724077334605 -1.9985635449332966 0.04504372496511691 -0.00019172782453644928 9.862233681455268e-05 0.8040868609946962 0.5945117942394181
1310350000000 0.0010032576158250412 -1.9985386374801435 0.04495570931239207 -3.818931465367541e-05 0.00042707062352775204 0.8038845911020939 0.5947851547751322
1310580000000 0.001057967996750413 -1.9985078717263514 0.044942990803185145 -0.00044932152470916514 -3.587431378814169e-06 0.8036704354787996 0.5950744736876337
1310820000000 0.0010649377692152412 -1.9984694179089086 0.045043719680103206 -0.00019160402999449956 9.883852380941352e-05 0.8034566214412061 0.5953632596836358
1311060000000 0.001069454380021726 -1.9984445052234185 0.04495572291647712 -3.7782005239928065e-05 0.0004270688940226005 0.803253950401682 0.5956365564241101
1311290000000 0.0011241468246680605 -1.998413952400688 0.04494298823854037 -0.00044932720441853577 -3.081125286600719e-06 0.8030393661942882 0.5959258128641903
1311510000000 0.0011371081852215368 -1.9983843071674159 0.04507269023599736 -0.00044719227642462533 7.768505303549631e-05 0.8028689926700011 0.59615532757257
1311750000000 0.0011464705399618484 -1.998349941991022 0.04502791914439144 -8.96226213846221e-05 0.00016271731700477017 0.8026541046151106 0.5964447617637154
1311980000000 0.001172117672776584 -1.9983155696640302 0.045006877226553416 -0.00015841544476478324 0.00012026522404540102 0.8024390428879409 0.5967340637921621
1312210000000 0.0012033721099282326 -1.9982906452165312 0.0450726900014696 -0.00044713128879857666 7.81625596014656e-05 0.8022363171951075 0.5970064365963368
1312440000000 0.0011924055327089905 -1.9982548817414372 0.04506969881140535 0.00010907382080893656 0.0003297034501632524 0.8020572054803404 0.5972471168081132
1312680000000 0.001241547993104357 -1.9982341587372052 0.045064805328179025 -0.0003885067318138839 6.715127889719837e-05 0.8018439025340925 0.5975334304640382
1312910000000 0.0012560198369910335 -1.9982013680230093 0.04409986708505098 -0.00022356763459937618 7.848876054374506e-05 0.8016285502638413 0.5978223910652053
1313140000000 0.0012588009040626253 -1.998161378351825 0.04506968737337491 0.00010939148845695953 0.00032954551804020523 0.8014228884366195 0.5980980131409561
1313360000000 0.0012970037414210059 -1.9981417033481754 0.04504370072366065 -0.00019116316466130396 9.96057109086763e-05 0.8012407914199104 0.598341998943867
1313580000000 0.0013016322859129123 -1.998116772249444 0.04495577252551983 -3.636394702528796e-05 0.0004270560825576105 0.8010366947358606 0.5986150933508219
1313820000000 0.0013562656589032151 -1.9980869678649877 0.044942978096912584 -0.0004493454348197467 -1.300385885531446e-06 0.800820587535682 0.5989041531547385
1314060000000 0.0013634519130536656 -1.998048566983233 0.04504369518259335 -0.0001910349484566136 9.982833439158889e-05 0.8006048074187752 0.5991927034584937
1314280000000 0.0013788253430617877 -1.9980231654346965 0.04502790828943126 -8.903981078082686e-05 0.0001630770824896051 0.8004325826540504 0.5994227607486587
1314540000000 0.0014227312116317048 -1.9979940404485155 0.04494297485156898 -0.00044935013572716806 -7.885907880064124e-07 0.8001837488204397 0.5997547550520137
1314770000000 0.0014299667196264357 -1.9979556514258205 0.04504368958734553 -0.00019090566541222605 0.00010005269702212735 0.7999675242931384 0.600043259791152
1315000000000 0.0014453601758953798 -1.9979302975759976 0.04502790486664193 -8.887361086803029e-05 0.00016318141237673411 0.7997949489253269 0.6002732753895023
1315230000000 0.0014711325695171817 -1.9978963079650907 0.045006876029089565 -0.00015791487766721133 0.00012075270523499575 0.7995779044389774 0.6005623491484039
1315500000000 0.0014965491180490655 -1.9978629574025735 0.04504368391658986 -0.00019077522248930342 0.00010027851408846358 0.7993289339733953 0.6008936751722299
1315760000000 0.0015012767750955179 -1.9978380098701563 0.044955817643822366 -3.515817831061158e-05 0.0004270370822306163 0.7991235894705324 0.6011666201270368
1315980000000 0.0015558653358102616 -1.9978088501840292 0.04494296788778587 -0.00044935878753017314 2.386050921631955e-07 0.7989061497072738 0.601455536209055
1316210000000 0.0015632001015410482 -1.9977704856720349 0.04504367818034427 -0.0001906437023346717 0.00010050577562569758 0.7986890282990108 0.6017439568689908
1316460000000 0.0015679613290506633 -1.997745532676236 0.044955833231491577 -3.475828446309333e-05 0.0004270290327213092 0.7984832624571195 0.6020168569183937
1316700000000 0.0016225358944172454 -1.997716588712219 0.04494296417006563 -0.0004493627589380845 7.540100385354177e-07 0.7982653727595336 0.6023057302779253
1316930000000 0.0016299206867342478 -1.9976782365567975 0.04504367237838097 -0.00019051109819938616 0.00010073449112787286 0.7980477986323407 0.6025941126962319
1317160000000 0.0016453760139074436 -1.9976530267961956 0.04502789374700436 -8.837557980706074e-05 0.00016349781924403247 0.7978741577719101 0.602824015628098
1317400000000 0.0016712371407834395 -1.9976192942928586 0.04500687212477533 -0.00015759753053344355 0.00012104964840002004 0.7976557609975095 0.6031129640933657
1317620000000 0.001702446391930748 -1.9975952310428915 0.045072687208894374 -0.0004466820687686115 8.175964703078746e-05 0.7974499411837187 0.6033849394015176
1317850000000 0.0017121887150254918 -1.9975610513205766 0.04502788976586758 -8.820982103421293e-05 0.00016360432690247322 0.7972312356431739 0.6036740199540723
1318080000000 0.0017409383859962602 -1.997539721236706 0.04506479661385804 -0.00038809320475303007 7.029017160266673e-05 0.7970514147556002 0.6039113235227938
1318300000000 0.001755678507178682 -1.9975072607052757 0.04409979177037124 -0.00022240302747569702 8.112772904742234e-05 0.7968326706985053 0.6041999990588153
1318530000000 0.001758910996130504 -1.9974671714236503 0.04506959027631907 0.00011172730923631807 0.00032830933242058096 0.7966238656082936 0.6044752240359319
1318750000000 0.0017970345752658186 -1.9974486010795345 0.04504365759692966 -0.0001901750346816061 0.00010131245190738128 0.7964388756843235 0.604719001576711
1318990000000 0.0018019157193389147 -1.9974236306609081 0.04495588992287375 -3.336659242166662e-05 0.00042699402253313604 0.7962316132493826 0.6049917640968849
1319210000000 0.001856445586245228 -1.9973954484614587 0.04494294992885253 -0.00044937487744072647 2.5672105076780802e-06 0.7960121254161684 0.6052805087280302
1319430000000 0.001869680545845333 -1.997366228629286 0.04507268587660773 -0.000446535674769372 8.296487160286917e-05 0.7958379009451133 0.6055095615611673
1319650000000 0.0018795395050151336 -1.9973321077132788 0.045027879175671054 -8.779585499588962e-05 0.00016387323753872763 0.7956180325580002 0.6057985735423835
1319880000000 0.0019082865953423036 -1.9973110524680304 0.04506479303996275 -0.0003879574188015596 7.134402690150217e-05 0.7954372712805711 0.606035800804532
1320100000000 0.001923119555212655 -1.9972787070010178 0.04409976839248164 -0.00022196910773103392 8.207523920237494e-05 0.795217359860827 0.606324413634604
1320330000000 0.0019265076439144895 -1.997238587536248 0.04506955369538296 0.00011248876529899183 0.0003278775626584055 0.7950074723036877 0.6065995374412042
1320550000000 0.0019646090012515626 -1.9972203898784142 0.04504364238457337 -0.00018983183803498286 0.00010189979652816314 0.7948214864900183 0.6068432731719965
1320780000000 -0.00047566830791173067 -1.9881349187753492 0.045058917671433246 -0.0003147374694927953 0.00011103272571891601 0.7946518375540619 0.6070653553646528
1321000000000 -0.012877170109464774 -1.9424491798559407 0.04504841042485916 -0.0003538836348469952 9.431646569926364e-05 0.7945383943371528 0.6072138056689063
1321230000000 -0.0335784347744013 -1.8664995300081981 0.04502028828052995 -3.0754329023839184e-05 0.0005311938779448112 0.7945920068605485 0.6071435246468182
1321460000000 -0.0542413735131475 -1.7905033445278535 0.04503580924270739 -0.0001599417506133297 -3.181225819266412e-05 0.7947070292966739 0.606993172114046
1321690000000 -0.07493637947141255 -1.7145006373054592 0.04495540328586514 -3.0174921113799956e-05 0.00043281134936524633 0.7945150489048574 0.6072443073652661
1321920000000 -0.09214162976193903 -1.6511242067953071 0.04506616300559271 0.00016104031269552474 -0.00010940335739398491 0.7943772564810265 0.6074246755628226
1322140000000 -0.11279830792478995 -1.5751333113043717 0.044211583743478056 -0.0002507731073428365 -0.0003980725071125196 0.7945273595164456 0.6072281726261989
1322380000000 -0.13203840200253364 -1.5045257188804138 0.04421588961401837 0.00010144403378088659 0.0004176333313872098 0.7947283177185206 0.606965168941183
1322610000000 -0.14775378400219352 -1.4466155588852496 0.04501461979471921 6.490727686421601e-05 9.422741642785809e-05 0.7948029149253262 0.6068676242266055
1322850000000 -0.16283773154313275 -1.3911611469962677 0.04485699504760923 -0.00013985149371628563 -0.00044609348246116786 0.7946014033797288 0.6071312800285701
1323080000000 -0.1754189206632567 -1.3450748108890787 0.045047519243676476 -0.00017194196044686806 0.0002720810319864203 0.7946219827608044 0.6071044398793027
1323310000000 -0.19049891010800138 -1.2896824467275572 0.04493391854876144 -8.407393214475854e-05 0.00031242293137175026 0.7948440451693302 0.6068136774845648
1323520000000 -0.20306716151070386 -1.2435086569579727 0.0449209325114705 -0.00042914541195629045 -0.000134154039715464 0.7950589866760469 0.6065319493172364
1323750000000 -0.21823624000294667 -1.1880845030434806 0.04504284069033787 -0.00016184794094922062 0.00011044331652750512 0.7948765213413618 0.6067711903409501
1323970000000 -0.23334712090235443 -1.1326781641645904 0.0449694379167031 -8.745190755325297e-05 0.00037082823452307595 0.7946666685682017 0.6070459131773314
1324200000000 -0.24595444564678123 -1.0864884295615065 0.044891538435407746 0.0003155442421373709 0.00010445658887551678 0.7946614588926537 0.6070527615218065
1324420000000 -0.26104164000428776 -1.0311129223708577 0.04489657404513356 -0.00024713739813253944 -0.0005119592920391978 0.7948361542208225 0.6068238333851453
1324660000000 -0.27615827120769476 -0.9757119531054942 0.04500456178836856 -8.173755867967022e-06 -3.2067082598827114e-05 0.7949480509961169 0.6066775050406661
1324890000000 -0.29126670755700884 -0.9202975558208677 0.044934083881112724 -0.0003487305051402936 -1.2748282261184256e-05 0.7949588028991232 0.606663316772746
1325110000000 -0.3038665806003572 -0.8741205419098268 0.04506834115416655 -0.00046185392761472394 8.032785225799114e-05 0.7947835764389788 0.6068927803667233
1325330000000 -0.3190211006512282 -0.8187233080337762 0.04504956175126559 -0.00016756851295279997 0.0003368806863544755 0.7947375034259255 0.6069531770083455
1325560000000 -0.3315792544648167 -0.7725336887024494 0.045010034997093884 3.1147755431634956e-05 -0.00019164053315773918 0.7948921305125088 0.6067507421940315
1325780000000 -0.3466980369091618 -0.7171378312062957 0.04505772089304608 -0.00017314881151691712 -0.00017400610195382338 0.7951680238778017 0.606389110673697
1326010000000 -0.36190716888595603 -0.6617453970973453 0.045018557766521805 -1.95522111199593e-06 0.00012425157307519852 0.7950630690963897 0.606526751855805
1326240000000 -0.3745196946626874 -0.6155797021521536 0.045025962371260914 -9.706290844712583e-05 0.0001650983155832307 0.7949011860081856 0.6067388794235277
1326460000000 -0.3896224389769609 -0.5601838013825076 0.044917751747355655 -0.000497863323526188 -9.260705624223082e-05 0.7947356523401057 0.6069555061580635
1326690000000 -0.4048142811618874 -0.5047839941539681 0.0450815248622298 -0.0004622169088883995 5.290836911172271e-05 0.794718460136686 0.6069780495818676
1326910000000 -0.4173950432524779 -0.45858755656573086 0.0449393951000035 -0.00036549955492114097 -0.00017147287389344013 0.7947369271866509 0.6069539138790102
1327140000000 -0.43251795884988553 -0.4032158812498793 0.04501376444842353 -7.23038286497442e-05 0.00017162183588339587 0.7948285494609825 0.6068340319064613
1327360000000 -0.4450884231505749 -0.35698430858576635 0.04500773725336596 -8.100231926819169e-05 -0.0002411087789186289 0.7948219678075432 0.606842627701553
1327590000000 -0.46015588720329414 -0.3015359678358623 0.04411059952959914 -3.790675415079139e-06 0.0001961370141112884 0.7948612758532649 0.60679116149201
1327820000000 -0.47532382836594855 -0.2461374032658919 0.04501317110506475 6.165512338279776e-05 7.527228466783411e-05 0.7948549079516947 0.6067995268932173
1328060000000 -0.49045941158382633 -0.19072124149130681 0.045018052418624055 -0.00010331651987849533 -6.508652184496208e-05 0.7950211006602274 0.6065817624973915
1328310000000 -0.5056592508407655 -0.13530832688234962 0.04410878094514026 7.981259960248198e-05 3.731590906670062e-05 0.7950525204123682 0.6065405856357946
1328550000000 -0.5207869474629759 -0.07991499251245926 0.04507194252957947 -0.0004447709987619312 8.624677457761605e-05 0.7948682147194045 0.6067819344451836
1328790000000 -0.5359234734938297 -0.02448670259872803 0.04500500245814901 -5.3655172281811986e-05 5.2345271521482545e-05 0.7946887347673232 0.6070171407917624
1329030000000 -0.5509895038499882 0.03090156700223174 0.044864752825738985 -0.0006102546995707738 -6.035011610064971e-05 0.7946967222336172 0.6070063785646823
1329280000000 -0.5661804306070225 0.08634195603260301 0.04504478128937389 -0.00017977926994283369 0.0002644971339419521 0.7946454937222169 0.6070736668870214
1329520000000 -0.5812819720516266 0.14178692516933378 0.04412833092935006 9.839695852889882e-05 0.0001157182897445947 0.7947145454622967 0.6069833343329707
1329770000000 -0.5988566101854425 0.2064344652772006 0.045070186656961164 -0.00045108527346641026 8.717916506443547e-05 0.7945052598024288 0.6072570963505857
1330010000000 -0.6139112977919194 0.2618973555390549 0.04489735165140665 0.0001544218886323729 -0.00044371276864156107 0.7943244101845027 0.6074936301377166
1330250000000 -0.6289662936543219 0.3172715223664832 0.04418569938874303 -9.991614709413342e-05 -0.00047048418288004554 0.794533734570527 0.6072198228737339
1330480000000 -0.6415164999958052 0.3634268238690909 0.04492217193172546 -1.5715194503803083e-05 0.00027183255600971603 0.7946545275238838 0.6070618648423629
1330710000000 -0.6566264869487249 0.4188560467606889 0.045014671840513915 -2.487136721103115e-05 0.00010902729637163817 0.7946875026945172 0.6070187481088337
1330940000000 -0.6717122542772311 0.47426348927719464 0.04506519039054094 -0.0003626610735756748 4.5449098242203636e-05 0.794502929064006 0.6072602095642692
1331160000000 -0.684223736406112 0.5204538917872548 0.04492040404634087 -0.00040236457926211267 -9.312397568325168e-05 0.7943461773217381 0.6074652088844368
1331400000000 -0.6992801786726208 0.5759014001175176 0.04506902043684577 -0.00026678508957419974 -0.00027602946844441397 0.7944538841581035 0.6073243602718
1331620000000 -0.7144226257912135 0.6313224331520033 0.04418110409814885 -0.00016446451275051608 -0.00027185851031611574 0.794512788788385 0.6072473363433366
1331850000000 -0.7294879635323555 0.6867352396641355 0.045037834941681176 -0.0001243455188527849 2.8594202627906147e-06 0.7945605320485356 0.607184935123364
1332080000000 -0.7420186352072571 0.7329235070797896 0.04502685092309494 -8.307966898887345e-05 0.00017670376795633717 0.7943698615621277 0.6074343461768626
1332310000000 -0.7570504188013313 0.7883847662749329 0.044129353637070906 0.00011902039726233611 9.727970156434717e-05 0.7941824763304767 0.6076793320990905
1332530000000 -0.7720771617551205 0.8438100111069207 0.04506905279902612 -0.00025517560099631484 -0.000272870214903627 0.7943389070630535 0.6074747411647106
1332770000000 -0.7871559897657129 0.8992003462214956 0.044969875200234544 -0.0005509152787602143 0.00035624626304711345 0.7944284557301238 0.6073573892752159
1332990000000 -0.799672535471044 0.9454320705752802 0.04504345151338976 -0.00029591543563990143 -7.212460954284641e-06 0.7944213159328188 0.6073670102776441
1333220000000 -0.8147053331574822 1.0008671496639807 0.04494103222770002 -0.0004330490788175598 2.2987298872431542e-05 0.7942431933186315 0.6075998369050987
1333440000000 -0.8271963389826772 1.0470710018880371 0.04506595926876697 -0.0004734977934728058 7.604459054900932e-05 0.7940645772304181 0.6078332149569793
1333670000000 -0.8422073576501721 1.102456412275199 0.0449429574532291 -5.263343640008528e-05 0.00037761143845132665 0.7941278239654214 0.6077506510430636
1333900000000 -0.8571521568525673 1.1579340825541962 0.045064246373751615 -7.801065802011202e-05 -0.0005117677885187226 0.7943080902870253 0.607514929621196
1334140000000 -0.8722455127280724 1.2133098253132748 0.04501379950736836 -0.00013467755901916222 8.242982287938261e-05 0.7944674089598698 0.6073067685839427
1334370000000 -0.8872890764660846 1.2687532939470436 0.045000746803587816 -0.00013691887990018646 0.00011012350645725861 0.7942911925965801 0.6075372173698796
1334600000000 -0.8997850162490567 1.3149456784338196 0.04410147495066369 -0.00019194545342317418 0.0001528401421971389 0.7941085528157878 0.607775901251151
1334840000000 -0.9147567195694547 1.3703943097812519 0.04494705722123621 -0.0003939085994078702 -0.00010029869589431328 0.7940333705568853 0.6078740340056147
1335060000000 -0.9298107748481218 1.4258255483708724 0.0450211937906258 -8.537651954343626e-05 -4.5346492018616946e-05 0.7941214968053776 0.6077590303451953
1335280000000 -0.9423422328061296 1.472032396899236 0.0449275899854398 0.0003011121498832252 0.00013827481912788447 0.7940694619816048 0.6078269324074018
1335510000000 -0.9572408524691233 1.5274938637833155 0.0449972826103186 -0.00022641581121345662 5.52686014231505e-06 0.7938997657495354 0.6080486087872968
1335730000000 -0.972149332974633 1.5829445677363052 0.04506853059307403 -0.0004624741780828788 7.921435150821811e-05 0.7936847775072561 0.6083290670319631
1335960000000 -0.9845882245216937 1.6291690598928512 0.04501300140539896 -8.734611267869789e-05 3.920899972450782e-05 0.7936290061788956 0.6084019981762134
1336180000000 -0.9995552489004875 1.6846272836887972 0.04496048934073976 0.0003063403254714998 0.0002928228371031025 0.7938017572931684 0.6081764468710285
1336410000000 -1.0144971704019128 1.740036226297879 0.045009654798373294 -0.00011952804846812778 2.8109200508593647e-05 0.7938705735115472 0.6080867515703376
1336630000000 -1.0269542905393416 1.7862487345275668 0.04501495571141256 -1.8849997747339672e-05 0.00010831185187641068 0.7938503137262696 0.6081132027097617
1336850000000 -1.0418641856949842 1.841712037148336 0.045062518723072514 -0.00038671747542128314 7.856933327780357e-05 0.7936648418049826 0.6083551291467231
1337080000000 -1.0542984460429907 1.887944524793535 0.04498693913873211 -9.564613851553013e-05 0.0002682843152138738 0.7935064563804773 0.6085617656062856
1337310000000 -1.0692025735349366 1.9434282712137498 0.044956236236165736 0.00016465150672593243 -8.339063952873719e-05 0.793570555393787 0.6084782161654426
1337530000000 -1.0841323377958467 1.9988714108554448 0.04416526568901666 -2.3273026172471975e-05 8.869361514893518e-05 0.7935774078573676 0.608469300236413
1337760000000 -1.0965849607373785 2.045070634917744 0.044986414251956625 -0.00014839137253373208 0.0003043977185171228 0.7936349061924954 0.608394215122776
1337980000000 -1.111447372240451 2.100581231981489 0.04409746147023075 -8.984067982324614e-05 0.0002353954882039457 0.7935937823547058 0.6084478984478195
1338190000000 -1.1238222535008535 2.146812313672738 0.044925128720074176 -0.00040869715237936685 -6.722163746541899e-05 0.7934185917394915 0.6086762413056808
1338420000000 -1.1387198734242066 2.202305691812 0.045018529106333416 -0.00013042199937298536 -5.4168353720723834e-05 0.7934528694947642 0.6086316816814719
1338640000000 -1.1511493034761136 2.2485384271418747 0.0450462319764488 -0.0005245240402713902 -8.513898918824524e-05 0.793496568304209 0.6085744931520934
1338860000000 -1.1660817617470807 2.303973013341008 0.04501386523767276 -0.00014295646691020968 7.694124259713622e-05 0.7936143145812347 0.6084211480013256
1339090000000 -1.1809935222449826 2.3594499626850935 0.04495086599897977 2.2870139755539043e-05 0.0004183107609146959 0.793464534785312 0.6086163459281982
1339320000000 -1.1933416344018422 2.4056912470846683 0.04499289097676243 -0.00020005194714193397 7.95379092980712e-05 0.7932749002669851 0.608863602344026
1339550000000 -1.208165903588779 2.4611666601892144 0.04505195149356364 0.0002977693387498238 8.354480112153728e-05 0.7931886549462505 0.6089759125107046
1339770000000 -1.2230170040204331 2.5166035890368725 0.044916912979361234 -0.00040639563795255877 -0.0002495637000298643 0.7933409642843485 0.6087773705952985
1339990000000 -1.2354025091636935 2.5628068364479017 0.045043187091989095 -0.00011411558126960274 0.00029152432214358116 0.7934729883707985 0.6086053883405226
1340210000000 -1.2502694283676556 2.618317248541972 0.04501889970846559 4.765332335114901e-06 0.00013015545785951358 0.7934022471645787 0.6086976730948175
1340440000000 -1.2626298882700613 2.6645518224053926 0.04502507398681835 -9.840015316979055e-05 0.00016816200691832666 0.7932384365991089 0.6089111139901711
1340660000000 -1.2774480129428927 2.7200286738891344 0.0449650098028985 -0.00031072952442158297 0.00016345021943567963 0.793079127099195 0.6091185228596872
1340890000000 -1.292264957374254 2.775505504160954 0.04491087448985703 -0.00046620082126242596 2.2986865861724753e-05 0.793178377001487 0.6089891989072426
1341110000000 -1.3047222926279425 2.8217539417262274 0.04505013302273558 -0.00017758625688373982 0.00031020938662917386 0.79321887743332 0.6089365194473736
1341340000000 -1.3195688463625743 2.877243132561692 0.04501473032199238 -2.5633432905891663e-05 0.00010791889467979926 0.7932316398889966 0.6089199891409811
1341560000000 -1.3319025323706855 2.9234880374419 0.04506405586129822 -0.0003814981335746217 7.50421252421934e-05 0.7930709885448475 0.6091290962976172
1341790000000 -1.3466921946897106 2.9790051870288634 0.0450687873750836 -1.5330523627000566e-06 -0.0005278939110826235 0.7928691405373096 0.6093917026915417
1342020000000 -1.3614501389855913 3.0344489227455895 0.04506835097728473 -0.00026062644081481946 -0.00026327974642730825 0.7928767764371087 0.6093818836692906
1342240000000 -1.373854486761264 3.080667150714539 0.04504605103630832 -0.00017597524369078205 0.0002623362016123225 0.7928893870588396 0.6093655061634916
1342460000000 -1.388657089465678 3.136165511812363 0.044989587456544106 -0.00016110164205441688 0.00029248242914135954 0.7929953742813598 0.6092275641077441
1342690000000 -1.4033645531505747 3.191688545021641 0.04502686747198553 -8.279852873366608e-05 0.00017643319174163113 0.7927763480819993 0.6095126117952778
1342920000000 -1.415617268573208 3.2379434920679646 0.04505737997956988 -0.0004274340386520768 5.844245780612371e-05 0.7925927004154809 0.6097512813702958
1343140000000 -1.4303300123618896 3.293436159500417 0.04502305896981229 0.00023057328787780623 -3.94823688404084e-05 0.7924915011143645 0.6098829116630526
1343360000000 -1.4426061240216004 3.3396823615025606 0.04501939590301776 -9.746153603851085e-05 -4.5034742912868426e-05 0.792615529226176 0.6097217490811937
1343580000000 -1.4573271598892703 3.3951799652744348 0.04501602132472288 0.00013477115341059656 -2.2019428285628564e-05 0.7928212074600943 0.6094542758512724
1343810000000 -1.4720785739635658 3.450701578550202 0.04501471827416176 0.00012258293114396417 7.999273478874802e-05 0.7926709702736964 0.6096496628884034
1344030000000 -1.484340217968185 3.4969496909143896 0.044935132190252525 -0.0004446939796346794 1.8934689213696336e-05 0.7925168970829018 0.6098497927578818
1344260000000 -1.4990320341485603 3.5524959229121262 0.04413199106761495 -3.171887518083331e-05 -4.148024993496139e-05 0.7924958869476304 0.6098772552279603
1344490000000 -1.5137067726209177 3.608024990662314 0.04506640624686098 -9.057255358267407e-05 -0.0005172766495007984 0.7926661702984646 0.6096556951967609
1344710000000 -1.526016734793497 3.6542551516085804 0.04412876734595553 -4.528701636818645e-05 -4.248172502993261e-05 0.7928281802453802 0.6094452171878849
1344940000000 -1.5407984971075555 3.709752565035112 0.04501856332427784 2.464930999580817e-06 0.0001261711953497448 0.7927338586601445 0.6095678907296149
1345170000000 -1.5555194184940053 3.7652632530489414 0.04495885839272651 -4.870813559186108e-05 0.00041204684573377935 0.7925353467833711 0.6098258373862787
1345390000000 -1.5677345378413745 3.811523142070839 0.04491818849768231 -0.0004974519555169866 -9.038082434451618e-05 0.7924066534426766 0.6099929835273816
1345620000000 -1.5824732381422333 3.866981554516509 0.04504925532194898 -0.00015947030186641385 0.00023671813087471603 0.792607529443628 0.6097320910063841
1345850000000 -1.5972143474240301 3.9225042877182195 0.04501031427192728 -0.00010902859198238724 -2.795003843175254e-05 0.7927856967690884 0.6095004727889165
1346080000000 -1.6095042908617614 3.9687597133665817 0.04505393026225618 -0.000319666928090828 4.0338627137926706e-06 0.7928905003222808 0.6093640556313329
1346310000000 -1.6242601884914853 4.024279011405369 0.04409879746194606 -0.0002094029398132938 0.00010448520252084589 0.7926893061032488 0.60962579442048
1346540000000 -1.6389820299572742 4.079793733245345 0.04501312069009389 -0.00011578051493247794 8.088807120952676e-05 0.792533806480058 0.6098279639687099
1346770000000 -1.6536960394358486 4.1352819416747675 0.04491160886574469 -0.00045374837314469057 2.4609155824832483e-05 0.7925193732747748 0.6098465679914592
1347010000000 -1.6684660283132675 4.190823757162583 0.04413417840743192 -4.527203584475455e-05 -4.1255738696247824e-05 0.7925240395220986 0.6098406701983577
1347230000000 -1.6807188671850162 4.237112291275599 0.04505523360800581 0.00010888446695888017 0.0002254684505437808 0.7925887890494993 0.6097564667809594
1347460000000 -1.695405782861747 4.292634751735254 0.045063941441219335 -0.0003838885514134163 7.2315747612411e-05 0.7924161330529916 0.6099807533663305
1347680000000 -1.7076527236842738 4.338918057908658 0.04496975601687303 -4.698734091939015e-05 0.00033400539676333807 0.7922623652689808 0.6101804903559147
1347900000000 -1.7223366974078111 4.394422277814417 0.045019501439443776 -7.773437530316712e-05 -9.879994018280914e-05 0.7923902492419851 0.610014489255922
1348140000000 -1.7370410520414548 4.449925691067188 0.04500846307696535 -1.36132322244111e-05 -0.00014183645886586105 0.7925556789523085 0.6097995371083386
1348360000000 -1.7493004145600533 4.496195704951748 0.04502330272167249 -0.00011858748139196887 6.552642728680698e-05 0.7926246949581173 0.6097098281853821
1348600000000 -1.7640074063107907 4.551719457248553 0.04501150554461908 0.00011534642450331532 9.934635234745722e-05 0.7924706513050932 0.609910029140025
1348830000000 -1.7786978130626148 4.607266696377667 0.045027253141727536 0.0001013353902741223 -0.00018975400059225762 0.7923863775547678 0.6100194934509806
1349060000000 -1.7933645962228797 4.662791802515784 0.04418282010332131 -0.00017630705789676088 -0.00028255777190503757 0.7923837279120913 0.6100228822077609
1349300000000 -1.8081001711773543 4.718319268930982 0.045026218081728075 -0.0003003383253603717 6.384661455355014e-05 0.792432011435985 0.6099601732670907
1349520000000 -1.820342901462026 4.764550852028168 0.04497382755796306 -0.00030528816294401616 -0.00024221072583192465 0.792477942255274 0.6099004502145807
1349760000000 -1.8350491912114721 4.820094406067651 0.04417824101545806 0.0003599909235396572 0.0002073731950369221 0.7923451208981485 0.6100729766116442
1349990000000 -1.8496722911517838 4.8756194189999045 0.045065473128065664 -0.00047766705310507305 7.99282244623532e-05 0.7921483124655877 0.6103284496921202
1350210000000 -1.8643172586103716 4.931155412140742 0.04413737895136416 -9.586710942941386e-05 -5.22579810861015e-05 0.7921413228334725 0.6103377038478264
1350440000000 -1.8765205384177834 4.97741552238135 0.04502038420256832 -3.169707720894639e-05 -7.685410825637689e-05 0.7921811148222596 0.6102860594898949
1350660000000 -1.8911821572827636 5.032944887769333 0.04506245709179635 9.09647824166609e-06 0.00023729477959974992 0.7923218979761261 0.6101032319173133
1350890000000 -1.9057599977257371 5.088498270073271 0.04507060323039369 -0.00044022828938934265 0.00010105157002339564 0.7921369640783582 0.6103432035571097
1351120000000 -1.917954615129999 5.134797862646775 0.04506275226543066 7.994723034075696e-05 0.0003066098288150594 0.7919500611886281 0.6105857844579922
1351350000000 -1.9325498906215748 5.1903347306526815 0.045023571831432185 0.00023480152492818296 0.00017027565100595463 0.7918205401722581 0.6107537540087331
1351580000000 -1.9471136188521434 5.245851851890021 0.04501000015595552 3.2365120092309015e-05 -0.00018450231246853693 0.7920539623827172 0.6104510509330234
1351810000000 -1.9617693025816347 5.301350399393241 0.04492312447354119 -3.054525445732654e-05 0.00036244740348487253 0.7922404798385528 0.6102088903023675
1352040000000 -1.9739437285050074 5.347655546389477 0.04506262378501319 -0.00036630616089400515 5.886839531334577e-05 0.7921962978726738 0.6102662435291164
1352280000000 -1.988595563630752 5.403215446327581 0.04506141891849405 8.110526214492864e-05 0.0003056412373428546 0.792005059586913 0.6105144433951587
1352510000000 -2.0031608349975354 5.45874655141317 0.045001052630920885 -3.499345312189782e-05 -8.684925396201552e-05 0.7919105891151083 0.6106370526589648
1352740000000 -2.0177990880497534 5.514286767687443 0.044224524316033825 -0.0004945487007445423 -0.00033867159042123667 0.7919385920534762 0.6106004480341415
1352960000000 -2.0300096895876045 5.560524193575971 0.04493595162439959 -5.408138170101784e-05 0.0003784849663483383 0.7919296971742207 0.6106121588683618
1353180000000 -2.044566651239801 5.616091917852691 0.04506309608891573 -0.0004136576675671541 5.377601447259524e-05 0.7919219237077454 0.610622217698061
1353410000000 -2.0591270377313715 5.671647675626484 0.044098565148552954 -0.0002087670250218507 0.00011072158334386173 0.7916882792004674 0.6109252104256815
1353630000000 -2.071240041790072 5.717968972659528 0.04503505005909608 3.9026370044206156e-05 -0.0002655560296773006 0.7915408092840734 0.6111162534206172
1353870000000 -2.085791590117102 5.773518855425355 0.04507017137704605 -0.00017586805311279783 -0.0004326176512837647 0.7917400659261578 0.610857962148026
1354110000000 -2.100360227997196 5.829042353758237 0.04501089250708468 -9.535135088762767e-05 -8.101229958601934e-05 0.7919169294009197 0.6106288244697804
1354330000000 -2.1149757013314243 5.884613793682882 0.044131777746323375 0.00010353945786107944 0.00012876328794955697 0.7919085471935731 0.6106396855604465
1354560000000 -2.1271324614244618 5.930900140334893 0.04495677702297421 2.726878669590375e-05 0.00039771085252361996 0.7917684333315533 0.6108212414955692
1354780000000 -2.141639877901072 5.9864471763916836 0.04501327388444781 -0.00010306771625506885 -1.2219840184557155e-05 0.7915887731672795 0.611054173885788
1355000000000 -2.1537704766017147 6.032762124457638 0.04501990826617097 -0.00015911569714054168 -4.2077894349038685e-05 0.7916139330165793 0.6110215658760896
1355230000000 -2.168332410478216 6.088288092141601 0.04505545737160527 -0.00017975248495840024 0.0003146153073277991 0.7916677971013634 0.6109516901841973
1355470000000 -2.1828606352791566 6.14390899168379 0.04502101801974126 6.833669264558376e-05 5.213825688924375e-05 0.7917682267331152 0.6108216333330025
1355700000000 -2.19734615540686 6.199440110196729 0.04494216100724513 -0.00044202347487758007 2.224073736888324e-05 0.7915284088924192 0.6111322132213557
